1 1 0.9383 -0.177627 0.025891 -0.077826 -7.93559 0.056308 -11.0418 1
1 1 0.9383 -0.13041 0.032303 0.184743 -10.8241 1.4495 -11.9455 5
1 1 0.9383 0.075369 -0.069754 -0.061677 -7.43184 1.22888 -12.8363 1
1 1 0.9383 0.071496 0.074887 0.02657 -4.90561 -4.68105 -13.1045 1
1 0 0.9383 -0.115966 -0.125516 0.235733 -9.42106 -0.483949 -13.9208 1
1 0 0.9383 0.02013 -0.152847 0.103267 -6.41185 -1.53296 -14.9965 2
1 0 0.9383 -0.070841 -0.092106 0.244629 -5.27248 -3.21251 -13.7337 1
1 0 0.9383 -0.168593 0.096487 0.048621 -8.37074 -0.44129 -14.8016 1
1 0 0.9383 0.076514 -0.050674 0.131758 -5.48295 1.33945 -14.4165 1
1 0 0.9383 -0.110409 -0.145528 0.208026 -6.00614 -4.24836 -14.6321 2
1 0 0.9383 -0.020317 -0.198943 0.001475 -4.26236 -4.35355 -13.9746 1
1 0 0.9383 -0.037839 0.110264 -0.061809 -5.29254 -1.20669 -12.2533 2
1 0 0.9383 -0.013523 -0.045341 0.257112 -4.65695 -0.848604 -13.73 1
1 0 0.9383 0.110357 -0.059226 0.128927 -5.78537 -4.86893 -15.3872 -3
1 1 0.9383 -0.065609 -0.161956 -0.051214 -5.46763 -4.99487 -13.1411 1
1 1 0.9383 -0.007078 -0.196825 0.091057 -6.49702 -5.94228 -11.4482 1
1 1 0.9383 -0.055046 -0.056488 0.179199 -6.95487 2.9496 -10.4587 1
1 0 0.9383 -0.017497 0.04639 -0.014009 -4.51629 -0.956509 -13.5224 1
1 0 0.9383 -0.121922 -0.057145 -0.194159 -5.52203 2.02576 -14.3358 1
1 0 0.9383 -0.126853 0.095482 0.179807 -5.60483 -4.03413 -14.9853 1
1 0 0.9383 0.017058 0.084837 0.136327 -3.29708 -5.47492 -11.7216 1
1 0 0.9383 -0.245186 0.016126 0.056909 -7.63786 -1.65288 -12.7562 3
1 0 0.9383 -0.060754 -0.20428 0.001446 -6.75016 -4.80151 -10.9336 1
1 0 0.9383 -0.111054 0.028599 -0.114178 -5.33114 0.853292 -12.0311 1
1 0 0.9383 -0.050078 0.20874 0.116595 -4.94497 2.49238 -11.7013 1
1 0 0.9383 -0.141572 0.018964 -0.074827 -9.85766 -2.36641 -16.3073 1
1 0 0.9383 -0.068221 0.066548 -0.010622 -6.60913 -2.01518 -14.1214 4
1 0 0.9383 -0.081705 -0.062797 0.04062 -3.40225 -5.54295 -13.9614 1
1 0 0.9383 -0.082646 -0.145589 -0.094045 -6.08104 0.7627 -12.4135 1
1 1 0.9383 -0.259047 0.095792 0.163438 -6.67626 0.944269 -11.0533 -3
1 1 0.9383 -0.00628 0.056091 0.132839 -3.60716 4.72267 -13.1085 1
1 1 0.9383 -0.135821 -0.094529 0.115914 -9.0095 -0.852386 -11.0856 1
1 1 0.9383 0.03752 0.046349 0.081167 -4.66342 2.67824 -14.1687 2
1 1 0.9383 -0.041511 0.076226 0.081429 -5.51034 -4.71717 -9.98709 2
1 1 0.9383 0.00402 -0.110392 0.117491 -5.94548 -4.27788 -10.2477 2
1 1 0.9383 -0.083113 -0.143075 -0.076687 -4.29746 -5.28932 -11.0268 1
1 1 0.9383 -0.158492 -0.016274 0.197099 -8.19405 1.60657 -12.0481 3
1 0 0.9383 -0.07209 0.104137 0.073529 -4.11922 5.75708 -12.7764 1
1 0 0.9383 -0.017712 -0.020841 0.280685 -4.74633 3.96656 -14.0546 1
1 0 0.9383 0.079106 0.178867 0.123873 -5.11577 6.66273 -12.3888 3
1 0 0.9383 -0.235375 0.091169 -0.047963 -8.77706 -1.7649 -12.8385 1
1 0 0.9383 0.059984 0.029984 0.0222 -5.69377 -3.24151 -15.3443 1
1 0 0.9383 -0.051861 -0.105635 0.095207 -9.73713 -5.03899 -13.1282 3
1 0 0.9383 -0.013059 -0.131345 0.174693 -8.12862 0.843 -12.794 1
1 0 0.9383 -0.139063 0.055781 -0.017699 -3.76023 -7.14643 -15.2286 1
1 0 0.9383 -0.032898 -0.171795 -0.057335 -6.83305 -2.16814 -14.9874 1
1 0 0.9383 -0.209731 0.055285 0.125953 -4.9387 -6.16982 -11.4594 1
1 0 0.9383 0.026678 0.016664 0.238066 -4.53799 3.8455 -13.9573 1
1 0 0.9383 -0.147434 -0.013561 0.164493 -5.73691 0.374704 -12.2293 1
1 0 0.9383 -0.074296 -0.0546 0.170543 -3.29876 -7.68585 -14.7976 1
1 0 0.9383 0.047184 -0.122835 0.028045 -5.01225 -4.28033 -9.28771 3
1 1 0.9383 -0.201066 -0.01016 0.057614 -5.48172 0.619799 -10.2182 1
1 1 0.9383 -0.134466 0.138491 0.119763 -4.70029 -1.08119 -14.0191 1
1 0 0.9383 -0.10737 -0.053664 0.087226 -6.57909 1.7904 -10.7137 2
1 0 0.9383 -0.064947 0.098748 0.212981 -4.15139 4.13726 -12.0836 1
1 0 0.9383 0.142913 -0.026676 0.11723 -4.27607 -0.443879 -13.5038 1
1 0 0.9383 -0.005434 0.140096 0.089588 -5.79396 1.77189 -14.1523 1
1 0 0.9383 -0.115635 -0.074683 0.006593 -6.53334 -0.790429 -9.14244 1
1 0 0.9383 0.054955 0.222978 -0.096802 -7.0566 1.84631 -13.9591 3
1 0 0.9383 -0.295435 -0.139313 0.153771 -4.99682 -5.65928 -13.247 2
1 0 0.9383 0.06054 0.000971 0.040016 -6.16687 -1.51175 -12.1333 2
1 0 0.9383 0.101613 -0.059449 0.142372 -7.08113 1.02283 -13.3695 -3
1 0 0.9383 0.116718 -0.064344 -0.008013 -3.1064 -6.63682 -13.2177 -3
1 0 0.9383 -0.053978 0.012378 -0.094706 -6.69849 -4.15772 -15.3571 -5
1 1 0.9383 -0.020269 0.074526 -0.108378 -4.43499 -2.22968 -11.9585 1
1 1 0.9383 -0.203614 -0.100425 0.053096 -5.70331 -6.41844 -10.9033 1
1 1 0.9383 0.026933 -0.136209 0.031938 -6.19216 -6.03273 -9.16551 2
1 1 0.9383 -0.071661 0.061563 0.22556 -9.1287 -1.09332 -11.2584 1
1 1 0.9383 0.051782 0.158199 -0.10034 -4.03353 3.91394 -13.6589 1
1 1 0.9383 0.105104 -0.131858 0.013983 -3.67051 -6.86002 -13.277 1
1 1 0.9383 -0.240737 -0.027102 0.136491 -9.616 -4.10234 -13.2653 1
1 1 0.9383 -0.008588 0.018352 0.114702 -2.79607 -4.98958 -11.4665 1
1 0 0.9383 0.036244 0.151133 -0.09942 -4.0275 5.83488 -12.35 1
1 0 0.9383 0.063816 -0.170146 0.074254 -4.51635 -4.0122 -11.0459 1
1 0 0.9383 -0.158059 0.083393 0.043886 -10.0501 1.72643 -12.3459 6
1 0 0.9383 0.002799 -0.094415 0.110038 -9.42273 -0.872152 -12.3412 1
1 0 0.9383 -0.169457 -0.103067 -0.020033 -9.78273 -1.26124 -14.0726 1
1 0 0.9383 -0.064146 0.108832 0.090856 -8.61043 -4.02322 -13.8677 1
1 0 0.9383 0.139436 -0.032232 -0.07413 -5.55465 -0.590156 -12.4297 1
1 0 0.9383 0.072296 0.006632 0.008738 -4.19075 4.48066 -14.6171 1
1 0 0.9383 -0.035074 -0.108101 0.011077 -5.57254 -1.11973 -10.9508 -2
1 0 0.9383 0.010316 -0.138462 0.123032 -4.4206 -0.646313 -7.57562 -4
1 1 0.9383 -0.064135 0.032225 0.283796 -8.42298 0.004126 -10.9772 1
1 1 0.9383 -0.040145 0.049766 -0.205058 -5.04397 0.664658 -12.3866 1
1 1 0.9383 -0.129549 0.036466 0.219751 -9.47512 -0.552679 -13.1811 1
1 1 0.9383 -0.086618 0.083241 0.04461 -5.90474 0.962308 -13.0362 1
1 1 0.9383 0.086744 0.079397 0.033873 -3.46174 1.40883 -13.7173 1
1 1 0.9383 0.099351 0.02871 -0.031874 -5.80939 1.54436 -12.015 1
1 0 0.9383 0.002664 0.059872 0.217434 -6.22959 -4.13686 -14.9569 1
1 0 0.9383 0.048573 0.008674 0.180124 -4.17832 0.721692 -12.817 1
1 0 0.9383 0.093754 0.054084 0.17757 -4.26583 5.75497 -12.7337 3
1 0 0.9383 -0.172804 0.049309 0.1101 -7.20297 0.562835 -8.13829 -5
1 1 0.9383 -0.01944 -0.059609 0.135597 -4.30188 1.12877 -14.4457 1
1 1 0.9383 -0.099689 -0.093244 0.043322 -7.13061 -5.09818 -9.54321 4
1 1 0.9383 -0.23528 0.03681 0.078079 -7.72274 -1.31879 -13.3054 4
1 1 0.9383 0.075732 0.018272 0.040204 -5.62755 1.2941 -11.6297 2
1 0 0.9383 0.010108 -0.151999 -0.048554 -6.04405 -7.71659 -15.8669 1
1 0 0.9383 -0.087649 -0.079442 0.201434 -6.2663 -0.165618 -10.7501 1
1 1 0.9383 -0.028075 -0.072319 -0.224902 -3.59761 -5.30387 -12.7216 4
1 0 0.9383 -0.015764 -0.067799 -0.090313 -9.2054 -3.39223 -16.4581 1
1 0 0.9383 -0.036833 0.043094 0.11016 -9.94642 -4.56492 -13.1172 2
1 0 0.9383 0.094165 0.015769 -0.004407 -2.97649 -7.31053 -14.3846 2
1 0 0.9383 -0.155126 -0.11528 0.014324 -4.68908 -4.51879 -13.99 2
1 0 0.9383 -0.020938 0.126624 0.089348 -10.5304 1.74464 -11.9177 2
1 0 0.9383 -0.069227 0.069239 0.156477 -6.95829 2.06579 -13.4792 1
1 0 0.9383 -0.158243 0.174077 0.042601 -6.37699 0.428798 -11.3524 1
1 0 0.9383 0.003874 0.190842 -0.112784 -3.66855 1.40281 -13.1677 1
1 0 0.9383 0.05821 0.217216 -0.035663 -5.71364 1.44699 -13.895 -5
1 1 0.9383 -0.072057 -0.308023 0.308252 -3.91906 -5.25607 -14.4659 -6
1 0 0.9383 -0.250521 0.028287 -0.120399 -6.20402 1.75148 -11.5647 -7
1 1 0.9383 -0.011391 0.147945 0.111009 -5.44506 0.0071 -8.24816 -5
1 1 0.9383 0.078114 -0.010899 -0.003973 -4.85113 -5.07095 -11.4043 1
1 1 0.9383 -0.017651 0.114693 -0.085233 -6.92085 1.82184 -11.2007 1
1 1 0.9383 -0.059078 0.01883 0.072324 -3.62367 4.98025 -10.9224 1
1 0 0.9383 0.122853 -0.105501 -0.059547 -4.7005 -5.77333 -12.9894 1
1 0 0.9383 -0.147788 0.119491 0.158885 -7.74602 0.17235 -10.8163 1
1 0 0.9383 0.045222 -0.093827 -0.024256 -6.75539 -3.69833 -16.9982 1
1 0 0.9383 -0.242857 -0.093637 0.070988 -5.66965 -4.04098 -8.84219 1
1 0 0.9383 -0.149257 0.138674 0.0796 -5.05077 1.98333 -11.6648 1
1 0 0.9383 0.033118 0.034631 -0.008756 -3.41544 -4.09269 -15.1285 5
1 0 0.9383 -0.002808 0.010174 0.232702 -5.39569 -4.13679 -15.9003 1
1 0 0.9383 -0.156163 -0.066213 0.031891 -3.72153 4.47727 -15.7224 1
1 0 0.9383 -0.051656 -0.139352 0.032097 -5.1609 0.933191 -11.023 1
1 0 0.9383 -0.086543 0.002238 -0.017421 -9.35907 2.08563 -12.6167 1
1 1 0.9383 -0.177835 0.136807 0.185385 -4.946 -2.58952 -10.5336 8
1 1 0.9383 -0.135862 -0.048339 -0.076347 -5.32285 2.34314 -11.3555 -3
1 1 0.9383 -0.090128 0.042098 -0.061344 -6.34582 3.03332 -10.3001 1
1 1 0.9383 0.004255 0.030106 0.203907 -4.29597 6.58272 -12.5096 1
1 1 0.9383 -0.23815 -0.06681 0.031268 -7.45832 -2.29356 -10.8862 8
1 1 0.9383 -0.025941 0.098443 -0.169232 -3.59293 4.60474 -13.5915 1
1 1 0.9383 -0.231143 -0.044549 -0.183892 -8.70303 -1.92003 -12.9417 9
1 1 0.9383 0.010585 0.172898 0.032692 -3.49855 5.0558 -14.1527 1
1 0 0.9383 0.026204 0.109289 -0.00106 -5.18293 -0.70897 -12.7028 1
1 0 0.9383 -0.112186 -0.031767 0.118638 -3.77026 -4.10562 -13.5158 1
1 0 0.9383 0.045761 -0.108292 0.230264 -5.96418 -6.68878 -10.2341 1
1 0 0.9383 -0.064505 0.188613 0.129846 -5.76886 1.747 -8.81987 1
1 0 0.9383 -0.096987 0.042726 0.164037 -5.23173 -6.63609 -12.495 1
1 0 0.9383 0.066422 -0.091548 0.183393 -5.16396 -5.55243 -14.7244 1
1 0 0.9383 -0.01105 -0.002887 -0.01812 -6.88302 0.027596 -11.0851 1
1 0 0.9383 -0.220621 -0.136769 -0.151078 -4.7488 -5.86676 -15.1306 -5
1 1 0.9383 -0.036268 0.007372 -0.151047 -4.582 5.20223 -14.3286 1
1 1 0.9383 -0.140287 -0.145186 0.134179 -8.27745 -1.05186 -13.2996 1
1 1 0.9383 -0.007838 0.135337 0.139081 -4.36727 5.0403 -13.0232 1
1 1 0.9383 -0.008869 -0.060503 -0.09785 -4.3113 -5.78323 -15.1724 1
1 1 0.9383 -0.179936 -0.1314 0.086441 -6.50621 -6.74765 -9.84382 1
1 1 0.9383 -0.128565 -0.124409 0.091288 -4.40892 -3.3139 -10.1609 1
1 1 0.9383 -0.038145 -0.020338 0.063742 -3.90261 5.42099 -15.3266 1
1 0 0.9383 0.066633 0.162468 -0.019843 -3.94652 5.38577 -11.4779 3
1 0 0.9383 -0.20546 0.078155 -0.129076 -7.94448 -0.849723 -12.8199 1
1 0 0.9383 -0.026605 -0.20615 0.052756 -4.81218 -3.60494 -9.15196 1
1 0 0.9383 -0.135479 0.040155 0.120437 -6.60617 -0.799186 -10.1568 1
1 0 0.9383 0.136397 0.072163 0.082727 -4.20693 3.64088 -15.833 1
1 0 0.9383 -0.091014 -0.191444 0.04885 -9.66708 -3.12706 -16.3977 1
1 1 0.9383 -0.142179 0.144404 -0.08529 -8.38756 1.71488 -12.8058 -4
1 0 0.9383 0.020293 0.138375 0.215004 -6.70742 -0.3539 -10.0652 -4
1 0 0.9383 -0.045074 -0.029497 0.229385 -4.74903 4.6851 -13.1686 -5
1 0 0.9383 0.035647 -0.104411 0.174538 -6.33268 -6.70466 -11.3489 -2
1 1 0.9383 -0.014367 0.062484 0.022505 -6.45459 -1.15381 -12.3443 3
1 1 0.9383 -0.074988 0.079693 0.140196 -5.79138 -2.08579 -10.6936 1
1 1 0.9383 -0.010004 -0.012199 -0.01165 -8.53867 -1.48029 -14.1501 1
1 1 0.9383 -0.203725 -0.095133 0.036033 -3.31226 -3.20389 -9.6567 1
1 1 0.9383 0.140099 0.112514 0.207119 -5.22535 -0.536508 -7.99485 2
1 0 0.9383 -0.122612 0.084466 0.158801 -6.2568 -4.56165 -15.0748 1
1 0 0.9383 -0.008708 0.087478 0.085445 -5.08873 -4.3674 -14.2342 1
1 0 0.9383 -0.296327 0.111897 0.109977 -7.62774 -0.416405 -13.6159 4
1 0 0.9383 -0.103093 0.011753 0.000542 -8.90817 -1.04869 -10.3345 1
1 0 0.9383 -0.222385 0.02702 -0.101939 -5.26077 5.25817 -14.6744 3
1 0 0.9383 -0.138584 -0.01912 -0.0751 -7.87002 0.982971 -12.5734 1
1 0 0.9383 -0.079378 0.03047 0.209515 -3.63338 -7.58528 -13.0372 2
1 0 0.9383 0.00106 0.083283 0.112801 -4.12674 5.63419 -12.0871 1
1 0 0.9383 -0.002462 0.07553 0.136041 -6.04627 3.43202 -10.0512 1
1 0 0.9383 -0.055905 -0.023695 -0.144832 -6.04995 -7.38465 -14.741 1
1 0 0.9383 -0.271889 0.160349 0.232855 -6.29334 0.288223 -8.78469 -3
1 0 0.9383 -0.253814 -0.165574 0.115039 -4.61288 -6.89835 -14.2578 -3
1 1 0.9383 0.010659 0.002353 -0.019187 -8.50239 -1.73267 -13.7926 1
1 1 0.9383 -0.018243 -0.033202 -0.099813 -3.10756 -7.63472 -14.9743 1
1 1 0.9383 0.087271 -0.010303 0.025512 -3.78224 6.11191 -12.9328 1
1 1 0.9383 -0.038434 0.041382 0.10807 -6.73471 3.66477 -10.2536 1
1 1 0.9383 -0.115876 -0.003558 0.004955 -6.90273 -4.73792 -11.6193 1
1 1 0.9383 -0.109867 0.101372 0.070668 -6.73074 1.51046 -11.4447 1
1 1 0.9383 -0.042253 0.123338 0.169841 -3.74655 3.42452 -11.4854 1
1 1 0.9383 0.098775 0.035734 -0.026649 -7.22426 0.936043 -12.6561 1
1 0 0.9383 -0.064468 0.049371 -0.013154 -4.91939 -6.17018 -15.0254 1
1 0 0.9383 -0.105049 -0.022914 0.062162 -7.02835 -4.8195 -9.87059 5
1 0 0.9383 0.110415 -0.015753 -0.017849 -4.26961 -1.95405 -11.9908 1
1 0 0.9383 -0.103825 0.030303 0.035625 -4.39373 4.2527 -15.1005 1
1 0 0.9383 0.042061 0.098444 0.165306 -4.98775 0.711954 -13.0051 1
1 0 0.9383 0.080875 0.077667 0.037934 -3.54656 6.58859 -13.5361 1
1 0 0.9383 -0.099776 0.045369 0.199853 -7.05009 -3.50783 -10.8197 3
1 0 0.9383 -0.143999 -0.160088 0.221999 -6.48007 -4.17607 -8.33915 1
1 0 0.9383 -0.061506 -0.128883 -0.077667 -4.83264 -2.20627 -11.1742 1
1 0 0.9383 -0.017001 -0.115744 -0.036618 -5.89863 -0.508721 -13.2424 1
1 0 0.9383 -0.039339 0.032089 0.131206 -8.10096 1.17734 -11.9285 1
1 0 0.9383 -0.036285 -0.178453 0.083692 -9.10492 -1.62937 -15.9355 1
1 0 0.9383 -0.028925 -0.031294 -0.02957 -9.08908 -0.571769 -14.1268 1
1 0 0.9383 -0.350019 0.011387 0.049348 -4.92018 -3.64765 -10.0466 -3
1 1 0.9383 0.019389 0.020247 0.016834 -6.67383 -2.74581 -11.9138 3
1 1 0.9383 0.115657 -0.000141 0.035994 -5.4122 1.61203 -12.8983 1
1 1 0.9383 0.09028 -0.080549 0.06473 -5.81016 -1.29832 -11.5315 1
1 1 0.9383 -0.021424 0.073553 -0.012302 -5.21499 -3.09263 -11.4208 1
1 1 0.9383 0.045293 0.016989 0.190469 -6.72239 1.373 -11.5222 1
1 1 0.9383 -0.04994 -0.046311 -0.059747 -6.6126 1.84156 -14.0563 1
1 1 0.9383 0.040473 0.081113 -0.144155 -6.16704 -0.871487 -10.4636 1
1 0 0.9383 -0.070826 -0.086721 0.013231 -8.59381 0.335643 -12.4021 1
1 0 0.9383 -0.073702 -0.069987 -0.004389 -4.89092 -5.98026 -11.0736 1
1 0 0.9383 0.001324 -0.044839 0.098668 -7.16758 -1.04416 -12.8786 3
1 0 0.9383 0.122958 -0.25983 0.087761 -6.31668 -5.40525 -9.58416 5
1 0 0.9383 0.14038 -0.185835 0.117372 -2.73435 -8.37982 -15.066 2
1 0 0.9383 -0.172695 0.114691 0.045848 -6.35565 -2.18046 -13.9882 1
1 0 0.9383 -0.07279 -0.03735 0.144645 -5.87657 -7.04038 -11.2688 1
1 0 0.9383 -0.124236 0.301819 0.004204 -7.02513 1.75702 -11.7871 2
1 0 0.9383 -0.203534 0.03828 -0.087505 -9.45245 -0.889145 -12.6708 2
1 0 0.9383 -0.293383 -0.063016 -0.071749 -9.50888 -4.47054 -14.0129 5
1 0 0.9383 -0.033898 0.110419 0.253595 -4.76523 4.83645 -12.9974 1
1 0 0.9383 0.034898 0.072149 0.181961 -4.16971 4.27612 -13.741 1
1 1 0.9383 -0.15464 -0.274438 0.038142 -5.41189 -4.85418 -13.7002 -3
1 1 0.9383 -0.154425 0.079382 0.181865 -8.37694 -1.5873 -12.1382 -4
1 1 0.9383 -0.114836 -0.07579 -0.084053 -3.81474 -7.40575 -14.5787 3
1 1 0.9383 -0.187126 0.078013 0.06212 -9.56241 -3.14014 -15.3437 1
1 0 0.9383 0.000496 -0.199317 0.001354 -7.70588 -3.16175 -15.4278 1
1 0 0.9383 -0.004705 -0.181904 0.160331 -5.667 -4.61422 -12.2551 1
1 0 0.9383 -0.142718 0.136701 0.144134 -4.41298 -1.25225 -12.5877 2
1 0 0.9383 -0.111474 -0.121544 -0.066043 -5.12487 -4.0964 -11.417 1
1 0 0.9383 -0.082596 0.012897 -0.013703 -6.86002 -0.212804 -12.9185 1
1 0 0.9383 0.000132 -0.12504 0.200129 -6.02358 -3.3733 -13.4394 1
1 0 0.9383 -0.071715 0.066879 0.209073 -5.08914 -0.978218 -12.2928 1
1 1 0.9383 -0.106494 0.163722 0.010398 -6.2137 1.55919 -8.59044 -4
1 1 0.9383 -0.016363 -0.038209 0.105325 -4.11815 1.2681 -13.7163 1
1 1 0.9383 -0.039292 0.110508 -0.054862 -4.27209 2.68942 -14.4589 1
1 1 0.9383 -0.07761 0.016088 -0.090043 -7.02757 -1.6846 -14.3476 1
1 1 0.9383 -0.173175 0.063063 0.129779 -9.62877 -1.68381 -11.518 2
1 1 0.9383 -0.073671 -0.026723 0.136769 -6.14116 -0.213759 -13.3009 1
1 1 0.9383 -0.041333 0.188663 0.139548 -4.62505 4.40387 -14.2073 1
1 0 0.9383 -0.13191 -0.101599 0.235152 -7.47883 -2.28978 -14.2571 1
1 0 0.9383 -0.014615 0.102908 0.138145 -7.56091 -2.0055 -12.0122 1
1 0 0.9383 -0.225805 -0.006824 0.076512 -4.71358 -4.46333 -11.8608 1
1 0 0.9383 -0.170754 0.135976 0.131372 -6.34535 -1.21754 -9.66691 3
1 0 0.9383 0.011465 -0.126457 -0.036971 -7.68121 -3.55092 -14.7994 2
1 0 0.9383 -0.186134 -0.013825 -0.039968 -7.13594 -0.532195 -15.1953 2
1 0 0.9383 -0.145055 -0.076551 0.094541 -5.14571 -0.212188 -10.7448 1
1 1 0.9383 -0.04887 -0.062086 0.074976 -2.8393 -6.75826 -11.3844 -5
1 0 0.9383 -0.37324 -0.044544 0.174893 -7.55064 -1.55333 -10.9689 -4
1 1 0.9383 -0.183418 -0.032184 0.041155 -6.83759 1.00878 -11.9534 -3
1 1 0.9383 -0.105129 -0.094917 -0.02193 -5.28366 -8.14829 -15.4386 -5
1 1 0.9383 -0.082387 -0.058416 0.006165 -5.77419 4.55395 -14.5958 1
1 1 0.9383 0.010149 0.064045 0.118792 -5.25344 -2.69511 -11.55 1
1 1 0.9383 -0.17939 -0.155884 -0.01488 -8.56744 0.633875 -12.8561 2
1 1 0.9383 -0.033091 0.111986 0.218646 -6.66511 -0.654156 -11.876 1
1 1 0.9383 -0.058245 -0.072906 0.045933 -5.64687 2.30958 -12.0819 1
1 1 0.9383 -0.090178 0.13974 0.073755 -5.16747 0.42224 -10.8282 1
1 1 0.9383 -0.186768 -0.011392 -0.001339 -8.71909 -3.78472 -15.2825 1
1 1 0.9383 -0.200294 -0.151224 0.043948 -5.3389 -4.35083 -13.7753 1
1 0 0.9383 -0.112968 -0.238763 0.008834 -9.26136 -5.39823 -13.0026 2
1 0 0.9383 0.012367 -0.125517 0.135228 -5.55582 -4.4494 -15.0832 1
1 0 0.9383 -0.104868 -0.08435 0.017053 -5.3579 -4.26114 -9.16661 2
1 0 0.9383 -0.241524 -0.211215 0.129488 -4.19497 -5.65918 -10.9939 3
1 0 0.9383 -0.068931 -0.067134 0.243593 -4.74557 -0.478755 -13.1806 1
1 0 0.9383 -0.154568 -0.033729 -0.022049 -9.83918 -2.85733 -15.4372 1
1 0 0.9383 -0.168217 -0.142109 0.069302 -3.03089 -7.80266 -14.6385 2
1 0 0.9383 -0.122875 0.106568 -0.121483 -6.37831 -2.58677 -14.1925 1
1 0 0.9383 -0.201756 0.066648 0.184426 -7.5768 -3.73276 -11.5955 1
1 0 0.9383 -0.080707 0.204648 -0.043492 -4.51673 0.231226 -11.1699 1
1 1 0.9383 -0.210446 -0.109458 0.272344 -11.0836 2.06577 -10.9956 -5
1 1 0.9383 -0.151946 -0.134394 0.052174 -5.30942 1.0763 -13.9976 1
1 1 0.9383 -0.036235 0.116128 0.049186 -7.42948 0.228129 -10.3482 1
1 1 0.9383 0.05206 -0.022362 0.177876 -4.27931 -5.73531 -13.1892 1
1 1 0.9383 0.015304 -0.035526 -0.024325 -4.95449 -0.955771 -13.6779 1
1 1 0.9383 -0.006109 0.071064 0.033542 -7.09138 -0.976996 -14.9175 1
1 0 0.9383 -0.08662 -0.139765 -0.031233 -5.70096 -5.37395 -9.76176 1
1 0 0.9383 -0.241265 -0.255718 0.089929 -6.66523 -4.02109 -16.5012 3
1 0 0.9383 -0.056065 -0.030738 0.055022 -5.48402 -4.3211 -12.8769 1
1 0 0.9383 0.030896 -0.055029 0.201434 -3.80544 -2.6627 -9.68541 1
1 0 0.9383 -0.072877 0.027061 0.080258 -4.76018 2.37821 -12.6824 5
1 1 0.9383 -0.215873 -0.091413 0.142219 -10.6319 -1.79752 -13.9972 3
1 0 0.9383 -0.104765 0.067957 0.033083 -9.00958 -4.31202 -13.3035 2
1 0 0.9383 0.099342 -0.094217 -0.065109 -8.08235 -1.28731 -14.0679 2
1 0 0.9383 0.09503 0.172909 0.020148 -3.45132 3.10086 -13.8803 1
1 0 0.9383 -0.05942 -0.027693 -0.156993 -4.96419 -0.18295 -10.5606 1
1 1 0.9383 -0.129122 -0.158804 -0.037336 -8.32071 -2.20907 -10.9775 -4
1 0 0.9383 -0.115874 0.073627 -0.005922 -5.48162 -0.295815 -8.61891 -2
1 1 0.9383 -0.065902 -0.08952 0.184452 -4.36498 -2.8672 -12.0101 1
1 1 0.9383 -0.07509 0.005123 -0.13787 -5.4302 4.49381 -14.7869 1
1 1 0.9383 -0.106055 0.084311 -0.037093 -5.28041 0.372868 -12.1439 1
1 1 0.9383 -0.002932 0.04321 -0.137342 -6.84014 1.07311 -12.2474 1
1 1 0.9383 0.005598 0.070236 0.10598 -3.05875 1.22158 -13.6796 1
1 0 0.9383 -0.045043 0.085483 0.293048 -5.23287 -0.366421 -6.79324 12
1 1 0.9383 0.003675 -0.050663 0.206658 -3.51057 2.7539 -11.1747 1
1 1 0.9383 -0.051843 0.080003 0.084309 -5.50992 1.43521 -9.54264 1
1 1 0.9383 0.079663 -0.108029 -0.003408 -3.64239 -5.45452 -13.0011 1
1 1 0.9383 -0.050398 0.018517 -0.089572 -8.37208 -4.08943 -12.2579 3
1 1 0.9383 -0.124308 -0.143971 0.132452 -5.35993 -4.8989 -14.5093 1
1 0 0.9383 -0.076093 -0.172245 -0.040821 -7.19491 -4.39988 -16.3542 1
1 0 0.9383 0.048986 -0.126244 -0.114914 -3.04826 -6.9847 -14.1252 1
1 0 0.9383 -0.057624 0.003999 0.282118 -4.44863 -2.20845 -12.3746 1
1 0 0.9383 -0.05921 0.147432 0.10129 -3.90031 1.04852 -13.3667 1
1 0 0.9383 -0.134894 -0.162353 0.019203 -3.84897 3.33405 -16.1986 1
1 0 0.9383 -0.060397 -0.149154 0.114915 -5.8952 0.343722 -8.43104 4
1 0 0.9383 0.000983 -0.011693 0.030615 -4.31356 -6.72656 -14.5513 1
1 0 0.9383 -0.030745 -0.025049 -0.132744 -5.57471 -6.3594 -12.8745 1
1 0 0.9383 0.040515 0.017412 -0.01204 -3.05507 -7.99284 -16.1381 2
1 0 0.9383 0.034948 -0.170373 0.014892 -8.03594 -3.07475 -15.4701 1
1 0 0.9383 0.082742 -0.025539 0.173635 -7.13774 -2.2901 -11.2391 1
1 0 0.9383 -0.260377 0.042 0.163508 -6.46708 4.16771 -9.01108 -3
1 1 0.9383 -0.059036 -0.097566 0.058167 -10.2047 0.137694 -13.9587 2
1 1 0.9383 -0.06036 -0.064171 0.038305 -8.85868 -5.30203 -12.8697 1
1 1 0.9383 -0.048299 0.243579 0.051749 -3.887 4.19444 -13.9548 2
1 1 0.9383 -0.065329 -0.176241 0.070328 -8.94426 -3.00595 -14.3691 1
1 1 0.9383 0.051852 0.013356 0.100613 -5.08668 -3.77566 -12.504 1
1 0 0.9383 0.017828 -0.105032 0.052727 -4.47836 2.47066 -14.3483 3
1 0 0.9383 -0.027467 0.091454 0.226967 -4.47015 3.64504 -13.6285 1
1 0 0.9383 -0.120232 -0.083734 0.27756 -4.13345 -2.94154 -9.68242 1
1 0 0.9383 0.046434 0.009387 0.044345 -5.1303 0.028015 -10.26 2
1 0 0.9383 -0.054016 0.063866 0.073244 -5.86768 -3.4933 -11.4493 1
1 0 0.9383 -0.12159 -0.027698 0.217305 -7.34049 1.2539 -13.2676 1
1 0 0.9383 -0.075037 0.091589 -0.021028 -5.72713 0.528604 -10.8745 2
1 1 0.9383 -0.187277 -0.077364 -0.079781 -5.06147 -7.02551 -14.3413 -2
1 1 0.9383 -0.091168 0.094594 -0.179798 -3.93801 6.79952 -13.1071 -4
1 0 0.9383 -0.258004 0.056038 0.123644 -9.71264 -0.951188 -11.8774 -5
1 1 0.9383 -0.122515 0.046736 0.197995 -8.5285 -3.06223 -15.1911 1
1 1 0.9383 -0.065303 -0.097412 0.007402 -4.97108 -5.5744 -11.1602 4
1 1 0.9383 -0.049803 0.116276 0.165044 -4.42953 4.32905 -12.4898 1
1 1 0.9383 -0.086445 0.027676 -0.120934 -6.59972 2.52162 -10.2659 1
1 0 0.9383 -0.012081 -0.102263 -0.078879 -3.79044 -6.34631 -11.1562 1
1 0 0.9383 -0.058014 -0.019159 0.048494 -7.53431 -4.01785 -11.1122 1
1 0 0.9383 -0.074387 0.086156 0.228592 -5.53109 -2.444 -14.7004 1
1 0 0.9383 -0.014457 -0.107701 0.016521 -5.92561 -1.85876 -9.79965 2
1 0 0.9383 -0.019643 0.067875 0.162573 -5.57689 2.4701 -13.8388 1
1 0 0.9383 -0.12723 0.033656 0.035552 -7.98647 1.45443 -12.1522 1
1 0 0.9383 -0.13776 0.028852 -0.113196 -5.26631 -1.68002 -10.8101 4
1 0 0.9383 -0.295576 -0.097701 0.102654 -5.98652 -1.59954 -9.98712 3
1 0 0.9383 -0.003247 -0.226959 0.016851 -7.18287 -2.06831 -14.6917 1
1 0 0.9383 0.08209 0.010197 0.081597 -3.73293 5.50645 -12.0414 1
1 0 0.9383 -0.085447 0.125527 -0.117744 -3.8528 -4.90784 -12.9135 1
1 0 0.9383 0.032654 -0.186044 0.09388 -6.33755 -3.99683 -15.9677 1
1 0 0.9383 -0.082465 -0.083772 -0.086871 -7.69947 -0.782113 -14.7906 1
1 0 0.9383 -0.07205 -0.145073 0.058099 -6.03923 -4.19139 -9.91998 1
1 0 0.9383 -0.000624 0.023092 0.113217 -6.402 -4.60077 -12.17 1
1 1 0.9383 0.102263 0.034302 0.125288 -3.68066 3.88338 -11.7507 1
1 1 0.9383 -0.06594 0.084066 -0.091817 -7.04206 -0.725711 -13.1661 2
1 1 0.9383 -0.115813 0.033581 -0.04987 -5.37325 -3.9192 -15.3081 1
1 1 0.9383 -0.105527 0.244232 0.148204 -5.54037 2.18075 -8.34477 3
1 1 0.9383 -0.266058 -0.000603 0.068032 -6.49518 -4.46579 -10.4386 1
1 1 0.9383 -0.012786 0.040852 0.261214 -7.19686 1.24481 -12.9653 1
1 1 0.9383 -0.014353 -0.045829 -0.147242 -7.0837 -0.820645 -15.0117 1
1 0 0.9383 -0.030142 0.1221 0.0655 -8.88161 -0.553407 -10.917 1
1 0 0.9383 -0.14531 0.121081 0.140685 -5.8222 2.78477 -9.09705 2
1 0 0.9383 -0.04019 0.136765 0.166871 -8.2909 -1.0021 -12.2689 1
1 0 0.9383 0.068231 0.178482 0.038869 -3.5065 3.78379 -16.3858 1
1 0 0.9383 0.022665 0.215572 0.122364 -4.58761 4.29123 -14.798 1
1 0 0.9383 -0.03322 -0.107773 -0.042901 -5.03649 -5.74796 -11.2457 1
1 0 0.9383 -0.138164 0.104727 -0.058082 -9.4764 -2.40916 -15.5647 -6
1 1 0.9383 0.021153 -0.036758 0.221619 -5.72161 0.680744 -12.4396 1
1 1 0.9383 -0.253041 0.110626 0.108837 -5.66843 0.773475 -9.24324 1
1 1 0.9383 -0.005454 0.025132 0.220301 -6.7588 3.27547 -9.15005 2
1 1 0.9383 0.039047 -0.009198 -0.058652 -7.16261 -1.28968 -11.7554 1
1 1 0.9383 -0.066197 -0.062488 0.16363 -9.54184 -3.71826 -15.7144 1
1 1 0.9383 0.051681 0.008787 -0.008095 -4.325 -4.67603 -15.115 2
1 0 0.9383 -0.12308 0.151224 0.091737 -4.6101 5.43771 -14.3005 3
1 0 0.9383 0.024643 0.007995 0.109147 -5.39257 4.85147 -14.6229 1
1 0 0.9383 -0.191491 0.114102 0.019662 -8.07791 0.266323 -10.479 5
1 0 0.9383 0.02736 -0.064922 -0.039755 -3.64108 -4.55551 -14.4193 1
1 0 0.9383 -0.056968 -0.117619 -0.091306 -3.94525 -7.39489 -14.4164 1
1 0 0.9383 -0.10439 0.133033 -0.146193 -6.17485 -0.891628 -12.3671 1
1 1 0.9383 -0.122427 0.078806 0.229771 -5.05503 -2.17153 -12.0077 -3
1 1 0.9383 -0.225504 -0.088785 0.25751 -6.51483 -0.606946 -8.27702 -6
1 1 0.9383 -0.127909 -0.280721 0.149602 -5.08084 -5.64639 -13.504 3
1 1 0.9383 -0.083355 0.081329 0.144334 -7.21871 -3.03713 -10.8832 4
1 1 0.9383 0.037976 -0.076734 0.064155 -6.06048 -1.1616 -8.78462 3
1 1 0.9383 -0.068402 0.131913 -0.086997 -6.18712 2.22491 -14.4589 1
1 1 0.9383 -0.001698 -0.006556 0.060867 -6.30535 -1.72406 -12.194 1
1 0 0.9383 0.014794 -0.053168 0.08684 -2.64258 -6.00251 -14.0222 2
1 0 0.9383 -0.169296 0.014659 0.031895 -9.0984 -4.04926 -12.857 1
1 0 0.9383 0.034236 -0.041581 0.063988 -7.16225 -5.56145 -11.8593 4
1 0 0.9383 -0.102479 -0.00999 0.168797 -7.74545 -2.65185 -14.5302 3
1 0 0.9383 0.102239 0.076991 0.023375 -4.66695 -4.49465 -14.4472 1
1 0 0.9383 -0.081362 0.052081 0.007112 -3.49531 -4.27567 -14.7164 1
1 0 0.9383 -0.150997 -0.037535 0.029676 -6.23153 -3.22534 -13.9901 2
1 0 0.9383 -0.00751 0.006715 0.048993 -7.74596 -3.63581 -11.8421 1
1 0 0.9383 0.039844 -0.002048 0.167651 -8.96467 0.242484 -11.1701 1
1 0 0.9383 -0.216545 -0.031097 0.052559 -3.25185 -5.97026 -13.2246 2
1 0 0.9383 -0.033015 0.03195 0.179325 -4.63993 -6.73537 -12.5762 1
1 0 0.9383 -0.0165 -0.00677 0.139383 -7.33195 -0.863274 -10.714 1
1 1 0.9383 0.057474 0.049218 0.08405 -3.70447 6.21131 -13.1788 1
1 1 0.9383 -0.041704 0.093037 -0.082782 -3.51818 4.50027 -14.8018 1
1 1 0.9383 -0.175057 -0.127982 0.136325 -4.35381 -1.74152 -11.8015 1
1 0 0.9383 -0.118721 0.022613 -0.02311 -4.89714 -4.45854 -13.7063 2
1 0 0.9383 0.044595 0.035038 0.107479 -9.61327 -1.21598 -11.3986 5
1 0 0.9383 0.01189 -0.093451 -0.111338 -4.38027 -1.65143 -13.0427 1
1 0 0.9383 0.025036 0.132348 0.136194 -4.28434 2.90629 -12.1847 2
1 0 0.9383 -0.094169 -0.002792 0.225988 -8.46722 -3.66524 -12.0017 2
1 0 0.9383 -0.064061 -0.020458 0.011264 -6.46766 1.47459 -13.1996 7
1 0 0.9383 -0.124338 0.044531 0.141441 -6.84587 -6.63868 -12.1965 2
1 0 0.9383 -0.144179 0.052426 0.092847 -2.79184 -5.89731 -14.3269 1
1 0 0.9383 0.019389 -0.188056 0.158011 -7.43325 -5.49434 -12.006 5
1 0 0.9383 -0.215405 -0.135834 0.032278 -5.17152 -7.69609 -15.5516 1
1 1 0.9383 -0.278049 -0.071205 0.164397 -6.7325 -0.948002 -8.87725 -8
1 1 0.9383 -0.23742 0.040286 -0.016401 -5.02353 1.33258 -13.3539 -8
1 0 0.9383 -0.274276 -0.194809 0.158709 -6.75127 0.09582 -8.50006 -3
1 0 0.9383 -0.017914 -0.145757 -0.15514 -4.39124 -3.66366 -12.0133 -5
1 1 0.9383 -0.065327 -0.12732 0.083891 -3.39955 -6.76813 -11.5775 5
1 1 0.9383 -0.036562 -0.0029 0.110219 -4.9278 -4.91691 -13.1308 1
1 1 0.9383 -0.09817 -0.101451 0.118512 -8.99812 -1.04548 -10.9588 1
1 1 0.9383 0.077377 0.098559 0.032504 -3.42404 0.975708 -13.7206 1
1 0 0.9383 -0.264227 -0.059076 0.127557 -4.47937 -5.21061 -10.696 1
1 1 0.9383 -0.091459 0.173815 0.018861 -6.80717 3.64118 -9.06219 3
1 0 0.9383 -0.142112 0.077573 -0.180356 -4.93568 -0.174373 -10.3549 3
1 0 0.9383 -0.041346 0.117115 0.187707 -6.85678 1.52897 -12.7859 1
1 0 0.9383 -0.068021 -0.129807 0.059746 -5.28996 0.889124 -13.1809 7
1 0 0.9383 0.061068 0.067917 0.050306 -3.73722 -5.71882 -12.7956 1
1 0 0.9383 0.109874 0.152807 0.090872 -4.1864 3.09918 -13.7497 1
1 0 0.9383 -0.015127 0.081163 -0.015351 -5.33991 4.77054 -15.0937 2
1 0 0.9383 0.001216 0.134592 0.151405 -4.49955 4.62993 -15.7423 1
1 0 0.9383 -0.163961 -0.043281 -0.15205 -6.09803 -8.25468 -15.7789 1
1 0 0.9383 -0.046653 -0.10024 0.151798 -7.48767 1.83322 -12.3996 2
1 0 0.9383 -0.003143 -0.056718 -0.144277 -7.10201 -4.4344 -12.0796 1
1 0 0.9383 -0.174377 -0.018719 0.068498 -8.04995 -2.95086 -14.296 1
1 0 0.9383 0.020481 -0.078332 -0.172647 -5.20419 -2.76026 -15.3621 2
1 0 0.9383 0.031881 0.019292 0.229186 -3.93113 -5.32801 -12.1638 1
1 0 0.9383 -0.28142 -0.028352 0.168885 -7.16954 -1.37691 -14.5669 -3
1 1 0.9383 -0.252078 -0.07341 0.172135 -8.51783 -0.73067 -14.1025 3
1 1 0.9383 0.018676 -0.120731 0.087696 -5.42421 -3.43979 -13.9331 1
1 1 0.9383 -0.138099 -0.039585 0.130028 -5.88565 -3.94135 -8.70627 2
1 1 0.9383 -0.220591 0.080613 -0.021708 -7.99744 -1.80667 -12.5007 1
1 1 0.9383 -0.03059 -0.075225 0.064113 -4.34986 2.97551 -12.6421 5
1 1 0.9383 -0.020677 -0.070846 0.117922 -8.98799 -2.09064 -13.4068 2
1 1 0.9383 -0.138209 0.055001 0.124419 -7.35769 -1.26869 -14.6384 1
1 1 0.9383 -0.013964 -0.017625 0.119164 -5.11926 -6.75233 -12.7449 2
1 1 0.9383 -0.242961 -0.016091 0.155617 -5.90661 1.48215 -9.25644 1
1 1 0.9383 -0.287136 0.073077 -0.177913 -8.73582 -3.81601 -15.0265 5
1 1 0.9383 -0.162451 -0.10486 0.013408 -10.1086 -1.66876 -13.7469 1
1 1 0.9383 0.03365 0.109766 0.106709 -3.93113 4.65437 -15.1874 1
1 1 0.9383 0.068381 0.078422 -0.141987 -5.87899 5.04411 -15.2213 1
1 0 0.9383 -0.014114 0.04799 -0.100446 -4.74213 -4.55568 -14.9597 1
1 0 0.9383 -0.053771 0.121681 0.303714 -5.87286 3.34641 -9.64238 1
1 0 0.9383 -0.035192 0.138037 0.097997 -6.9939 -0.831583 -10.1361 1
1 0 0.9383 -0.163706 -0.002381 0.100005 -6.31061 -5.29253 -8.93518 2
1 0 0.9383 0.012753 0.106902 0.008871 -4.77481 6.15913 -12.466 1
1 0 0.9383 -0.117003 0.05522 -0.119128 -5.36589 -7.41339 -14.5403 3
1 0 0.9383 -0.219902 0.047401 -0.134941 -9.58834 -0.860561 -13.9508 -5
1 1 0.9383 0.052705 -0.144526 -0.049757 -6.31405 -7.28729 -15.2997 2
1 1 0.9383 -0.196368 -0.03792 -0.048445 -6.51442 -4.56074 -10.4147 4
1 1 0.9383 0.062135 -0.02496 0.068077 -4.82903 4.58119 -14.7862 1
1 0 0.9383 -0.171818 -0.1216 -0.079931 -7.51371 -2.35158 -12.5078 1
1 0 0.9383 -0.189881 -0.015017 0.061604 -4.85195 0.756576 -12.4917 1
1 0 0.9383 0.012628 0.052041 0.226869 -7.05205 -1.17716 -10.0521 1
1 0 0.9383 0.029445 0.037356 0.163618 -5.23168 0.860471 -8.58372 1
1 0 0.9383 -0.034315 -0.043912 -0.176319 -6.56683 -2.41237 -12.5042 1
1 0 0.9383 -0.04919 0.040711 0.163517 -7.78033 -1.06414 -13.9614 1
1 0 0.9383 -0.112102 -0.264366 0.165275 -5.80048 -6.42161 -12.1061 4
1 1 0.9383 0.040661 0.065884 0.062164 -5.58432 0.079 -8.35759 -6
1 0 0.9383 -0.187002 -0.082308 0.268333 -6.38259 -4.64673 -8.86802 -4
1 1 0.9383 -0.038482 -0.187472 -0.073936 -5.23164 -3.76365 -12.3617 2
1 1 0.9383 -0.136589 -0.112433 0.121982 -5.86318 0.389914 -9.59558 2
1 1 0.9383 -0.168828 0.006506 0.101932 -5.68025 -0.903226 -10.7093 1
1 1 0.9383 -0.145935 -0.042393 0.092044 -2.97377 -7.13798 -16.5398 1
1 1 0.9383 0.121786 -0.012023 -0.053551 -5.53086 -2.76536 -15.0759 1
1 1 0.9383 -0.073546 -0.012882 0.03823 -6.59037 0.51599 -13.0612 1
1 1 0.9383 -0.044882 0.146071 0.026736 -4.01883 5.60081 -13.5294 4
1 1 0.9383 -0.203469 -0.187913 0.190237 -6.90909 -3.90614 -10.6825 4
1 1 0.9383 -0.033125 -0.210516 -0.104017 -5.14215 -4.48759 -14.302 2
1 1 0.9383 -0.057751 0.084262 0.236621 -8.96596 0.41646 -12.2279 1
1 1 0.9383 -0.058495 -0.088769 0.193869 -6.44021 -2.10065 -13.2894 1
1 1 0.9383 -0.050299 -0.067549 0.119465 -7.42938 -0.892462 -12.5159 1
1 1 0.9383 0.012674 -0.139636 -0.135135 -5.0959 -7.62409 -15.8911 2
1 0 0.9383 -0.268124 0.072586 0.176426 -4.08831 2.27395 -11.1871 2
1 0 0.9383 -0.218752 -0.007939 -0.121536 -10.5235 -2.99832 -14.1025 2
1 0 0.9383 -0.075379 0.167315 -0.09231 -7.2805 1.89196 -13.4238 1
1 0 0.9383 -0.265391 0.04663 -0.016021 -6.56602 3.3017 -9.82417 3
1 0 0.9383 -0.104054 0.114197 -0.083457 -5.91843 -3.87697 -14.6807 1
1 0 0.9383 -0.011578 -0.012526 0.146392 -7.81189 0.88012 -12.9494 1
1 0 0.9383 0.036838 -0.025919 -0.158464 -8.13104 -2.95159 -14.6463 1
1 0 0.9383 -0.068453 -0.097373 0.070827 -4.50335 -1.19044 -13.6642 1
1 0 0.9383 0.144383 -0.088363 -0.054327 -3.97216 -5.4286 -13.6349 1
1 0 0.9383 -0.185308 0.046542 0.116049 -9.87413 -0.391591 -13.8832 2
1 0 0.9383 -0.221033 0.096267 -0.000481 -5.85503 0.537255 -11.8489 1
1 0 0.9383 -0.137848 -0.032075 0.032039 -4.86946 -4.86878 -10.1102 -6
1 0 0.9383 -0.048161 -0.00452 -0.063775 -3.48764 5.66902 -13.6737 -3
1 1 0.9383 -0.129623 -0.110328 0.031224 -6.86434 -5.92445 -11.9057 1
1 1 0.9383 -0.163089 -0.209791 0.023631 -4.64434 -6.73068 -14.255 2
1 1 0.9383 -0.055117 0.054025 -0.133565 -3.00169 5.07034 -13.3595 3
1 1 0.9383 -0.037993 -0.12326 -0.084576 -8.95796 -2.58708 -15.1039 1
1 1 0.9383 0.086346 -0.033257 0.104492 -5.09316 -3.77285 -12.4933 1
1 1 0.9383 -0.012145 0.110031 0.10645 -4.51859 4.37728 -11.2815 1
1 1 0.9383 0.073135 -0.117399 -0.051592 -4.24392 -6.14869 -11.6472 3
1 0 0.9383 -0.142734 -0.000306 0.016409 -5.50027 -8.65049 -15.8975 3
1 0 0.9383 -0.038493 -0.200292 -0.039679 -4.57123 -5.67469 -14.7082 1
1 0 0.9383 -0.000902 0.15723 -0.022609 -6.03176 2.30255 -12.6708 1
1 0 0.9383 -0.034464 0.125888 -0.016625 -5.15179 -4.2972 -14.646 1
1 0 0.9383 -0.110181 0.001607 -0.167477 -10.4164 -1.9963 -14.2583 3
1 0 0.9383 -0.030418 -0.094829 0.174425 -10.0306 1.74036 -11.4052 2
1 0 0.9383 -0.308433 -0.031331 -0.075124 -7.11977 -1.89663 -11.9124 1
1 0 0.9383 -0.0049 -0.005588 0.131986 -5.35227 4.45069 -15.0721 1
1 0 0.9383 0.01417 0.120498 0.068245 -4.13279 6.65266 -12.6077 1
1 1 0.9383 -0.305552 0.040157 -0.038236 -10.3209 1.86753 -10.9367 -3
1 1 0.9383 -0.040887 0.025489 0.017637 -5.44699 -4.14332 -10.0649 3
1 1 0.9383 0.012716 -0.048285 -0.010711 -5.54023 -6.05949 -13.1697 4
1 1 0.9383 -0.046344 -0.015447 -0.092394 -4.8702 1.2948 -11.6667 1
1 1 0.9383 -0.083004 -0.039099 -0.007754 -8.454 -3.40697 -14.6903 1
1 1 0.9383 -0.009441 -0.127052 0.059387 -8.82053 -4.51029 -12.7662 1
1 1 0.9383 -0.209689 -0.073861 0.108179 -5.03369 -0.470663 -7.52367 9
1 1 0.9383 -0.115033 0.066927 0.090007 -4.15128 -4.0453 -13.5451 1
1 1 0.9383 -0.019873 0.004654 -0.046389 -8.28351 -3.72609 -15.3656 1
1 1 0.9383 -0.202532 -0.001473 0.014025 -6.93669 3.16892 -9.59696 1
1 1 0.9383 -0.04306 -0.081515 0.212341 -4.64585 -4.26796 -14.3017 1
1 0 0.9383 -0.059789 -0.195893 0.012006 -9.66229 -4.23378 -13.6617 1
1 0 0.9383 0.017959 -0.058622 0.098097 -5.58824 1.50913 -8.2282 2
1 0 0.9383 -0.180704 0.015093 0.236906 -5.36119 0.829487 -11.0098 3
1 0 0.9383 -0.017764 -0.324235 -0.060741 -3.58781 -7.66632 -16.3803 5
1 0 0.9383 0.016327 0.112057 -0.012025 -4.17801 6.7789 -12.2913 1
1 0 0.9383 0.027713 0.006939 -0.036914 -7.59103 -4.85699 -11.6173 3
1 0 0.9383 -0.138177 -0.15933 0.058242 -6.53726 2.50146 -10.435 4
1 0 0.9383 -0.183243 -0.113967 0.201709 -8.80736 -1.58588 -13.9314 1
1 0 0.9383 0.046819 0.217304 -0.057731 -3.41536 2.85454 -14.2699 1
1 0 0.9383 0.038477 -0.094575 0.22071 -4.00109 -0.789479 -7.62653 2
1 0 0.9383 -0.082745 -0.036364 -0.057989 -4.93394 2.33962 -14.1722 1
1 0 0.9383 -0.03489 0.173972 0.244227 -3.75129 2.07237 -10.5636 1
1 1 0.9383 0.122325 0.03144 -0.113408 -4.1144 5.22639 -15.3717 1
1 1 0.9383 -0.047655 -0.138942 -0.095951 -8.73164 -5.04159 -12.3269 1
1 1 0.9383 -0.163242 0.014788 0.005681 -3.82477 4.60856 -11.3366 5
1 1 0.9383 -0.188482 0.124222 0.163979 -8.6489 1.40714 -12.3844 3
1 1 0.9383 -0.034817 0.162229 0.152607 -3.86344 4.10696 -11.5022 2
1 1 0.9383 0.037163 0.023292 0.136838 -7.9788 1.37717 -13.0741 1
1 1 0.9383 0.045159 -0.022661 0.106177 -5.21099 4.61225 -13.048 1
1 1 0.9383 0.026388 -0.013457 0.22488 -5.17605 -5.63055 -13.6857 1
1 0 0.9383 0.022716 0.048834 0.212471 -3.83341 -4.58036 -13.5234 1
1 0 0.9383 -0.049537 0.188441 0.063382 -6.96004 -0.529177 -12.2347 1
1 0 0.9383 0.002866 -0.178708 0.115605 -5.6795 -4.98979 -8.80597 5
1 0 0.9383 -0.100058 -0.011168 0.117186 -9.42309 1.55586 -12.3967 1
1 0 0.9383 -0.185732 -0.109271 0.081432 -4.77153 2.09123 -14.7916 1
1 0 0.9383 -0.061895 0.100625 0.077716 -5.72788 -1.96631 -11.1585 1
1 0 0.9383 -0.014714 -0.025916 0.04171 -3.52043 3.23987 -11.1289 1
1 1 0.9383 -0.133938 -0.023567 0.186072 -5.09198 -3.53452 -11.3082 -4
1 0 0.9383 -0.243446 0.210807 -0.29951 -3.84833 4.08771 -16.3373 -4
1 0 0.9383 -0.035954 -0.103938 0.026469 -6.02307 -0.595406 -10.6543 -5
1 1 0.9383 0.0063 0.097981 0.105359 -5.9212 0.042136 -12.6407 1
1 1 0.9383 -0.07906 0.115704 0.180655 -8.31936 -1.45046 -11.0136 1
1 1 0.9383 -0.020975 0.059508 0.136711 -4.87309 -4.06532 -14.3952 1
1 1 0.9383 -0.015474 0.105358 0.16671 -5.01514 0.823005 -11.5133 1
1 1 0.9383 -0.091257 -0.17849 -0.03273 -10.5985 -2.28588 -13.9815 5
1 1 0.9383 -0.025818 0.09261 -0.082657 -7.85726 1.54956 -12.3219 1
1 1 0.9383 -0.018236 0.051978 0.167615 -9.28552 -0.780945 -11.2987 1
1 1 0.9383 -0.084102 -0.004019 0.158444 -3.85866 -4.54383 -14.1366 1
1 0 0.9383 -0.002623 -0.052741 -0.024066 -3.99754 4.417 -14.9064 6
1 1 0.9383 -0.083281 -0.177391 0.050556 -7.42552 -1.82775 -13.4266 1
1 1 0.9383 -0.145604 0.135817 0.074302 -4.47076 5.6001 -15.0846 1
1 0 0.9383 -0.057791 0.080276 0.010212 -3.97456 -5.85521 -12.4541 1
1 0 0.9383 -0.204727 0.100834 0.019748 -9.62325 -1.89925 -16.0442 2
1 0 0.9383 -0.069655 0.037488 -0.027433 -3.3594 -7.26741 -15.8582 1
1 0 0.9383 -0.219462 0.123147 0.037266 -8.71957 -1.57946 -12.3727 1
1 0 0.9383 0.079432 0.012148 0.042009 -5.15295 -1.99128 -15.3117 1
1 0 0.9383 0.001462 -0.092654 0.108793 -4.67357 2.80122 -11.93 1
1 0 0.9383 -0.075612 -0.123671 0.036811 -3.01625 -6.59214 -13.6637 1
1 0 0.9383 -0.000299 -0.078296 0.042011 -10.4284 -2.9341 -14.5931 1
1 1 0.9383 -0.192509 -0.02232 0.019934 -7.79177 -0.659234 -10.7795 -4
