1 0 0.9383 0.181528 -0.047767 0.799033 3.30093 1.4146 10.0058 10
1 1 0.9383 -0.005423 -0.119037 1.12783 4.12917 1.83995 9.99105 -6
1 1 0.9383 -0.053399 0.057348 1.11333 3.44347 1.23303 9.63661 -6
1 1 0.9383 0.322708 -0.145364 0.930042 3.65632 1.22002 10.3724 -3
1 0 0.9383 0.146107 -0.132946 0.97061 1.18028 0.232297 8.86817 -6
1 1 0.9383 0.037242 0.040214 0.927516 6.60788 -0.394292 9.55992 -1
1 1 0.9383 0.151456 -0.074333 0.803642 2.58946 1.01781 8.29939 -2
1 0 0.9383 0.089837 0.157603 0.809627 5.94736 -0.630438 9.76109 -1
1 0 0.9383 -0.140669 0.126364 0.898292 1.23015 -0.334056 9.39609 -1
1 0 0.9383 0.049204 0.039834 1.10997 3.62558 1.25591 8.62094 -1
1 0 0.9383 0.106811 0.105212 0.59902 4.64901 -1.23077 8.80074 3
1 0 0.9383 -0.006272 0.079946 0.716258 5.4194 2.23129 10.7834 -1
1 1 0.9383 0.234406 -0.026055 0.856126 5.11642 -1.67618 9.20926 -3
1 1 0.9383 0.104978 -0.028737 0.492172 5.97211 -1.85191 8.45157 -3
1 0 0.9383 -0.00169 -0.054356 0.985871 5.50586 1.52437 11.282 -2
1 0 0.9383 0.240123 0.000673 1.0238 4.7941 2.46678 10.941 -4
1 0 0.9383 0.189482 0.0192 0.700877 2.87009 0.990851 9.28801 5
1 1 0.9383 0.124519 -0.108284 0.927399 5.9619 0.493304 9.53552 -1
1 1 0.9383 -0.003032 -0.11885 0.918762 0.812645 -0.926971 9.43447 -5
1 0 0.9383 0.121581 -0.087536 0.621748 3.18949 -0.137738 8.73582 2
1 1 0.9383 0.059296 0.139584 0.890331 4.11145 1.04581 9.19213 -1
1 0 0.9383 0.025024 -0.113182 0.7404 6.3501 1.40824 11.1084 -1
1 0 0.9383 0.188572 -0.082826 0.943966 7.49001 0.501297 10.229 -3
1 0 0.9383 0.092155 0.053117 0.752782 5.27282 1.49683 11.357 -1
1 0 0.9383 0.005025 -0.074542 1.16091 4.49403 2.04798 9.1108 -5
1 1 0.9383 0.242679 0.035332 0.710025 6.4735 1.13307 10.368 -2
1 0 0.9383 0.041792 -0.173048 0.591445 1.3424 1.15675 8.62327 -2
1 1 0.9383 0.009552 0.264477 0.794443 2.96589 1.59708 8.10415 3
1 1 0.9383 0.21351 0.123421 0.982737 6.57455 0.328567 10.4734 -1
1 0 0.9383 0.015532 -0.009612 0.928607 5.40957 0.612023 9.67237 -4
1 1 0.9383 0.005942 0.017227 0.844692 5.75172 -0.548146 10.3859 -1
1 1 0.9383 0.039553 0.042026 0.664131 4.80072 2.21291 10.5776 -1
1 0 0.9383 0.048693 0.005035 0.740604 0.964789 -0.687106 9.6062 -1
1 0 0.9383 -0.022686 0.082662 0.663722 4.50482 2.86012 11.0888 -1
1 0 0.9383 0.065054 -0.105462 0.664757 5.18193 -2.96267 8.2654 -2
1 0 0.9383 -0.106313 -0.166469 0.743347 0.474026 -0.438913 8.42142 -1
1 0 0.9383 0.026043 -0.053458 0.907453 1.68085 1.44932 8.74922 -2
1 1 0.9383 -0.075168 -0.016016 1.07705 4.33602 2.04335 11.8963 -1
1 0 0.9383 0.118851 -0.073815 0.692348 1.97003 1.41367 9.11002 -6
1 0 0.9383 0.15345 -0.153194 0.75575 7.92115 0.220214 10.4579 -1
1 0 0.9383 0.16268 0.058039 0.945269 3.3286 1.85555 8.51069 -1
1 1 0.9383 -0.087794 -0.026297 0.867467 3.18371 0.276779 8.25053 -1
1 0 0.9383 -0.085597 -0.195279 1.08743 4.95652 1.33397 11.1038 -3
1 0 0.9383 0.231991 -0.008729 0.850019 4.29015 -1.51111 8.76332 -2
1 0 0.9383 0.27834 0.095495 0.737037 5.0626 0.192898 9.65012 3
1 1 0.9383 0.01639 -0.006199 0.679016 4.93132 1.75137 9.67193 -1
1 1 0.9383 0.099961 -0.072586 0.716453 4.43472 0.411683 10.0082 -1
1 1 0.9383 0.034028 0.123406 0.609458 6.18821 1.19146 10.2008 -7
1 0 0.9383 -0.065963 -0.130548 0.750289 1.71769 -0.152108 8.50912 -1
1 0 0.9383 0.140408 -0.092283 0.628764 5.96609 -0.977679 8.80937 -2
1 0 0.9383 0.055109 -0.050458 1.10893 5.67683 -1.65145 9.57759 -1
1 0 0.9383 -0.072233 0.013514 0.945298 5.07453 1.83003 9.59764 -2
1 0 0.9383 0.247459 -0.165564 0.730607 6.16014 -1.0728 8.05277 -2
1 0 0.9383 -0.087196 0.028446 1.00987 2.36773 0.787498 9.55373 -5
1 1 0.9383 0.188501 0.081774 0.881138 5.04807 1.97898 11.5284 -1
1 0 0.9383 0.040087 0.074151 0.628973 0.771911 -0.06849 8.70896 -2
1 0 0.9383 -0.066505 0.009997 0.632888 4.34764 -1.50734 8.2055 -1
1 0 0.9383 0.031977 0.018381 0.94842 0.669539 1.15074 8.77107 -1
1 0 0.9383 0.093577 -0.12283 0.886252 4.36863 0.626108 10.0575 5
1 1 0.9383 0.146194 0.038042 0.881635 3.57098 -1.6493 8.1754 -1
1 1 0.9383 0.208396 0.074672 0.968855 4.60525 2.79369 9.10095 -1
1 0 0.9383 0.093952 0.017997 0.694271 5.47938 -1.78888 8.53082 -1
1 0 0.9383 0.083105 0.09809 0.871217 3.72153 1.30133 9.27543 -5
1 1 0.9383 0.090851 0.150369 0.867944 5.92371 1.28427 10.957 3
1 1 0.9383 0.217773 -0.025541 0.823719 5.27535 0.037216 10.5504 -1
1 1 0.9383 -0.060906 -0.094481 0.808676 2.32723 0.477434 8.19056 -1
1 1 0.9383 0.164241 0.044365 0.879944 4.20433 0.773682 8.64142 -1
1 0 0.9383 0.152411 0.096367 0.884288 4.84344 -2.43379 8.42491 -2
1 1 0.9383 0.073534 0.050738 1.1315 5.05257 1.52688 11.0911 -1
1 1 0.9383 -0.107551 -0.130622 0.905221 3.23754 0.862202 9.8596 -2
1 0 0.9383 0.21068 -0.007714 0.7407 0.698927 0.604925 8.59774 -3
1 1 0.9383 0.016235 -0.080023 0.983237 3.93572 1.34686 8.83108 -3
1 0 0.9383 -0.074897 -0.092271 0.779846 2.58883 0.840004 8.7638 -3
1 0 0.9383 0.143295 -0.016266 0.698892 5.4729 -2.82849 8.87452 5
1 1 0.9383 0.272528 0.012975 0.773405 5.05335 0.299941 10.3226 -1
1 0 0.9383 0.044734 -0.007944 0.737389 6.81958 -2.01212 7.74092 -2
1 1 0.9383 0.006228 0.173398 0.905003 4.61315 2.0785 11.4691 -1
1 1 0.9383 0.069717 0.056746 0.637937 2.3793 0.180573 7.85375 -6
1 1 0.9383 0.012918 -0.057471 1.07773 5.48441 0.304043 9.22791 -1
1 1 0.9383 -0.021625 -0.021634 0.697878 5.29471 0.993419 9.26253 -1
1 0 0.9383 0.14509 0.144558 0.707896 4.69478 -0.145058 9.21653 -1
1 0 0.9383 0.201696 0.024683 0.77914 4.65123 -2.24695 8.81315 -5
1 0 0.9383 0.087585 -0.092706 1.08431 6.67433 0.277718 9.99996 8
1 1 0.9383 0.063142 0.043285 0.902589 6.78741 0.568083 10.5065 -1
1 0 0.9383 -0.081637 -0.014256 0.96771 5.22001 1.61853 10.2411 -4
1 0 0.9383 -0.020533 -0.033813 0.781482 6.55056 0.132173 9.90474 2
1 1 0.9383 0.069418 -0.033974 0.673108 4.87144 -0.837857 8.88538 -1
1 1 0.9383 -0.032434 -0.108236 0.931703 4.30149 1.56828 10.4566 -1
1 0 0.9383 0.033201 -0.091757 0.647932 4.6871 -1.9861 9.29246 -1
1 0 0.9383 0.023405 0.152891 1.00628 5.66981 0.80407 10.2709 -1
1 0 0.9383 0.127203 0.091123 0.692642 2.2797 1.30762 8.42552 -2
1 0 0.9383 0.101717 0.104547 1.10428 5.19134 1.50334 10.4642 -3
1 0 0.9383 0.085986 0.027231 0.902832 6.43536 -1.58685 8.22578 -2
1 1 0.9383 -0.006161 0.030364 0.887634 1.30612 -0.623988 9.07438 -1
1 0 0.9383 0.009318 -0.003343 0.561735 4.21391 1.63711 8.92752 -2
1 0 0.9383 0.061136 -0.080214 0.836132 3.9673 -1.262 8.23971 -6
1 1 0.9383 -0.104093 0.046384 0.86591 2.69028 0.556915 7.89072 -1
1 0 0.9383 0.166311 -0.087499 0.875371 6.23589 0.103065 10.984 -7
1 0 0.9383 -0.082463 -0.030543 1.0185 5.73423 1.10212 10.1782 -4
1 0 0.9383 0.198779 0.026539 0.746942 5.31797 2.62233 10.3772 -4
1 1 0.9383 0.109002 -0.0213 0.636856 6.29399 -0.667797 9.11712 -4
1 0 0.9383 0.011159 0.074312 0.740902 1.36007 -0.902186 8.77082 -5
1 0 0.9383 0.20833 0.152925 0.810077 5.19855 -0.368147 10.7905 -7
