1 1 0.9383 0.08461 -0.001696 0.742412 3.29941 4.77823 12.7047 3
1 1 0.9383 0.139044 -0.022435 0.776673 11.5593 -0.298532 8.61374 6
1 0 0.9383 0.069996 0.051755 0.91646 6.22978 -5.28825 14.6917 6
1 0 0.9383 0.181528 -0.047767 0.799033 3.30093 1.4146 10.0058 10
1 0 0.9383 0.359476 -0.123481 0.71843 8.89204 -3.84355 12.5646 2
1 1 0.9383 -0.021659 -0.050269 0.87162 3.69556 5.47437 13.7065 -1
1 1 0.9383 -0.020475 0.034922 0.851006 8.91001 3.14107 13.8752 -2
1 1 0.9383 -0.005423 -0.119037 1.12783 4.12917 1.83995 9.99105 -6
1 1 0.9383 0.036624 -0.069329 0.974443 2.95966 -4.95304 9.02817 -1
1 1 0.9383 -0.053399 0.057348 1.11333 3.44347 1.23303 9.63661 -6
1 1 0.9383 0.07722 0.079125 0.820382 2.23698 -3.51772 14.5845 -1
1 1 0.9383 0.322708 -0.145364 0.930042 3.65632 1.22002 10.3724 -3
1 1 0.9383 0.025765 0.076071 0.836866 2.4763 -4.88001 14.9272 -1
1 1 0.9383 0.215291 -0.201346 0.997716 6.81269 -3.15667 10.3659 -3
1 1 0.9383 0.059648 -0.15159 0.898419 4.8307 -0.01007 7.99963 -2
1 0 0.9383 0.146107 -0.132946 0.97061 1.18028 0.232297 8.86817 -6
1 0 0.9383 0.116994 0.153569 0.785029 3.66088 3.09131 9.54561 -3
1 1 0.9383 0.037242 0.040214 0.927516 6.60788 -0.394292 9.55992 -1
1 1 0.9383 0.151456 -0.074333 0.803642 2.58946 1.01781 8.29939 -2
1 0 0.9383 0.297811 0.20251 1.05689 3.95128 -2.59124 9.96099 -3
1 0 0.9383 0.07579 -0.103132 1.00226 7.93574 -0.12625 18.0504 -1
1 0 0.9383 0.089837 0.157603 0.809627 5.94736 -0.630438 9.76109 -1
1 0 0.9383 -0.140669 0.126364 0.898292 1.23015 -0.334056 9.39609 -1
1 0 0.9383 -0.069538 0.067706 0.868755 5.76584 1.00734 14.9377 -1
1 0 0.9383 0.277529 0.031075 0.78879 8.13521 -4.11064 12.0596 -4
1 0 0.9383 -0.011318 -0.126909 0.726644 4.24248 -3.78625 15.7016 -1
1 0 0.9383 -0.020929 -0.155122 0.717584 2.04326 -2.1474 13.65 -1
1 0 0.9383 0.211303 0.074447 0.953576 7.90998 0.653753 13.6219 -1
1 0 0.9383 0.140035 -0.005766 1.04579 7.73115 -1.65017 10.1741 -1
1 0 0.9383 -0.080735 -0.068739 0.912441 1.98528 -4.43515 15.06 -1
1 0 0.9383 -0.09858 0.072234 0.940547 2.45317 6.57018 12.4237 -1
1 0 0.9383 0.200118 -0.140645 0.735147 7.29478 1.12336 7.26459 -2
1 0 0.9383 0.131594 -0.233517 0.905134 3.97931 -3.18013 9.47758 -2
1 0 0.9383 -0.132048 0.107406 0.895706 2.236 2.64378 11.1844 -1
1 0 0.9383 -0.042274 0.140973 0.863014 2.76138 -2.12891 12.7016 -2
1 0 0.9383 0.08847 0.028046 0.664638 5.6769 -5.53825 10.3917 -1
1 0 0.9383 0.012973 0.108621 0.930991 3.68763 -2.12066 13.9608 -3
1 0 0.9383 0.064005 -0.039819 0.985239 6.42016 4.49042 16.1135 -1
1 1 0.9383 0.138007 -0.160861 0.769314 2.96762 -2.03853 12.1549 -2
1 0 0.9383 0.091429 0.081643 0.810439 5.46081 -2.26004 11.7762 -1
1 0 0.9383 0.049204 0.039834 1.10997 3.62558 1.25591 8.62094 -1
1 0 0.9383 0.106811 0.105212 0.59902 4.64901 -1.23077 8.80074 3
1 1 0.9383 0.084576 0.009319 0.799176 9.12331 -2.41127 9.17458 -6
1 1 0.9383 0.049652 -0.110648 0.855558 7.979 -1.67348 17.6425 -1
1 1 0.9383 0.125585 -0.013721 0.780352 3.75367 7.52072 12.4373 -3
1 1 0.9383 0.155065 -0.006367 1.14641 6.4209 0.583163 12.1986 -1
1 1 0.9383 0.127878 0.003974 1.04171 6.37131 -0.14311 12.142 -1
1 1 0.9383 0.092104 -0.073945 0.894133 8.18869 -1.98325 14.9649 -1
1 1 0.9383 -0.046748 0.092098 0.897903 4.67308 1.11547 16.0535 -1
1 1 0.9383 0.03802 0.009216 1.16574 3.49701 -5.38126 14.3929 -1
1 0 0.9383 0.012499 0.001613 0.677632 3.73816 -0.6403 12.0441 -1
1 0 0.9383 0.000975 -0.094407 0.677122 3.85504 1.85394 14.8285 -1
1 0 0.9383 0.065902 0.147567 0.726577 7.14527 1.57268 10.4161 -1
1 0 0.9383 -0.076895 0.01049 0.891094 7.68176 2.86257 15.1927 -1
1 0 0.9383 0.138082 -0.044581 0.988659 6.92814 7.06936 13.2096 -1
1 0 0.9383 0.051286 0.017545 0.936599 6.85768 -6.3756 14.9697 -1
1 0 0.9383 -0.070444 0.17466 1.17927 4.62745 7.15705 14.6202 -1
1 0 0.9383 0.123425 0.130862 0.959168 8.1412 3.70863 13.5438 -1
1 0 0.9383 0.172166 0.08881 1.11173 5.5979 3.38895 12.8354 -1
1 0 0.9383 0.128006 0.026761 0.795743 10.4572 -0.163511 9.52771 -4
1 0 0.9383 -0.112617 -0.045063 0.880552 4.99035 -0.790019 16.3827 -1
1 0 0.9383 0.159311 -0.019246 0.694796 5.78671 2.62109 16.0835 -1
1 0 0.9383 -0.044777 -0.070204 0.857709 5.11894 -7.42509 13.5472 -1
1 0 0.9383 0.253842 0.003676 0.708498 7.66594 4.4942 12.1264 -1
1 0 0.9383 0.020622 0.204372 0.833994 5.48532 4.07762 10.0998 -1
1 0 0.9383 0.061507 0.18477 0.811576 8.14497 4.44924 13.8206 -1
1 0 0.9383 -0.006272 0.079946 0.716258 5.4194 2.23129 10.7834 -1
1 0 0.9383 0.03511 -0.019407 0.803619 4.75344 -1.59655 15.8579 -1
1 1 0.9383 0.108352 0.144707 0.91278 7.17992 4.70518 10.8948 4
1 1 0.9383 0.064484 -0.063168 0.846219 7.26445 6.16469 11.9217 3
1 0 0.9383 0.226903 -0.041385 1.05408 8.60478 -5.11339 15.3149 9
1 0 0.9383 0.069544 -0.095726 0.783752 5.43256 -5.21098 16.3913 3
1 0 0.9383 0.139291 0.002258 0.847072 9.06489 -1.38809 13.3251 4
1 0 0.9383 0.128807 -0.092106 1.11969 5.32668 0.895804 14.5339 6
1 1 0.9383 -0.009992 0.072198 0.918032 3.12715 -2.76409 10.1751 -1
1 1 0.9383 0.087633 0.105497 1.12629 7.84213 6.6084 14.7927 -1
1 1 0.9383 0.047059 -0.024767 0.763609 3.10273 -3.83898 15.1162 -1
1 1 0.9383 -0.060984 -0.064619 1.19759 6.48275 1.0747 15.5379 -1
1 1 0.9383 0.17097 -0.033331 0.997732 7.35996 0.171993 8.91981 -3
1 1 0.9383 0.080251 -0.089112 0.79517 9.04655 -1.15612 13.564 -1
1 1 0.9383 0.234406 -0.026055 0.856126 5.11642 -1.67618 9.20926 -3
1 1 0.9383 -0.001477 0.194616 0.914212 4.46253 5.72895 13.3288 -1
1 1 0.9383 -0.062335 0.01494 0.818107 2.81823 -1.57562 12.6474 -1
1 1 0.9383 0.197687 -0.007165 0.965953 9.70197 -1.75096 11.1374 -1
1 0 0.9383 0.019671 -0.01606 0.797875 6.02017 -4.55613 17.0007 -1
1 0 0.9383 0.19816 -0.221175 0.788174 8.12714 -3.02177 8.44451 -2
1 0 0.9383 0.09824 0.15332 0.843664 6.61193 6.69733 14.1326 -1
1 0 0.9383 -0.138437 -0.183002 0.989728 3.37688 -3.67448 14.3258 -1
1 0 0.9383 0.123081 0.033407 0.838114 2.45824 -3.73164 14.376 -1
1 0 0.9383 0.028746 0.130661 0.806322 7.49265 -0.458019 10.0186 -3
1 0 0.9383 0.116275 -0.030812 0.868389 4.66417 -0.937067 13.3925 -2
1 0 0.9383 0.126718 0.163185 1.11339 9.03311 2.93596 13.2055 -1
1 0 0.9383 0.068576 -0.085678 0.925465 4.02975 3.67827 15.2816 -1
1 0 0.9383 -0.020764 -0.078781 1.03729 4.25037 -2.89595 16.4299 -1
1 0 0.9383 -0.052276 0.001181 1.0075 4.52969 -2.66395 15.731 -2
1 0 0.9383 0.061372 0.11336 0.908292 7.13673 -2.4048 10.3869 -5
1 0 0.9383 0.189066 -0.161452 0.692107 7.25077 -0.998127 7.90825 -2
1 0 0.9383 0.234133 -0.089401 0.785513 12.1087 -0.953846 8.91833 -2
1 0 0.9383 0.165676 -0.008884 0.924232 3.98266 -0.544002 9.94001 -2
1 0 0.9383 0.170983 -0.05206 0.738803 6.26719 -5.56218 15.8928 -2
1 1 0.9383 0.276028 0.128091 0.698164 12.128 0.164526 9.55285 4
1 0 0.9383 0.277313 -0.102795 0.867772 11.8083 0.208245 10.1598 4
1 0 0.9383 0.090744 -0.125595 0.652037 4.70807 -1.33471 11.9533 4
1 0 0.9383 -0.033504 -0.055398 1.12246 3.56556 4.12161 12.4146 3
1 1 0.9383 0.303179 0.019338 0.85882 11.3448 -0.461302 9.0121 -5
1 1 0.9383 0.104978 -0.028737 0.492172 5.97211 -1.85191 8.45157 -3
1 1 0.9383 -0.055347 0.047187 0.763367 5.78928 -0.882774 13.3702 -1
1 1 0.9383 0.098595 -0.041811 0.775034 6.27323 1.50415 12.3872 -1
1 1 0.9383 0.0559 -0.050254 1.11354 6.32662 -5.75064 13.0871 -1
1 1 0.9383 0.187033 -0.029814 0.734379 4.02837 -1.04696 12.1741 -1
1 1 0.9383 0.050029 0.11917 0.85852 5.87923 5.55168 10.6363 -1
1 1 0.9383 0.001502 -0.006816 0.751866 5.05548 3.84516 15.818 -1
1 1 0.9383 0.012272 0.2337 0.87813 5.26629 7.31288 13.0645 -1
1 1 0.9383 0.041346 -0.206188 0.861612 8.19365 -5.11587 15.4124 -3
1 1 0.9383 0.098898 0.112181 0.677458 5.31554 8.46495 13.3625 -1
1 0 0.9383 -0.059615 -0.091096 0.810188 2.21208 -3.15377 13.3715 -1
1 0 0.9383 0.182379 0.050229 1.23978 5.17453 -1.10448 14.5058 -7
1 0 0.9383 -0.03392 -0.062722 0.86653 2.9605 -3.54537 10.6461 -4
1 0 0.9383 -0.03185 0.03715 0.616897 5.92917 5.3146 11.781 -1
1 0 0.9383 0.229022 0.062835 0.784897 7.43352 2.65893 11.4589 -4
1 0 0.9383 0.020195 0.025546 0.93927 3.58944 -1.13611 10.9963 -1
1 0 0.9383 0.025346 0.019576 0.997568 6.71554 -0.563809 13.7419 -3
1 0 0.9383 0.023902 0.095811 0.838711 6.11099 6.91913 14.1502 -1
1 0 0.9383 0.024889 0.159218 0.748829 6.24848 4.64736 10.4606 -1
1 0 0.9383 -0.00169 -0.054356 0.985871 5.50586 1.52437 11.282 -2
1 0 0.9383 0.070874 -0.149352 0.682909 6.34039 -6.05066 10.6103 -1
1 0 0.9383 0.229822 -0.19739 0.88197 9.65487 -5.00867 11.3998 -2
1 0 0.9383 0.240123 0.000673 1.0238 4.7941 2.46678 10.941 -4
1 0 0.9383 0.189482 0.0192 0.700877 2.87009 0.990851 9.28801 5
1 1 0.9383 0.155073 0.02135 0.696914 5.77368 2.30443 13.8289 -1
1 1 0.9383 0.124519 -0.108284 0.927399 5.9619 0.493304 9.53552 -1
1 1 0.9383 -0.003032 -0.11885 0.918762 0.812645 -0.926971 9.43447 -5
1 1 0.9383 0.282235 0.018546 1.01928 9.63367 -2.26454 9.08406 -3
1 1 0.9383 0.055962 -0.120179 1.08157 6.10788 -1.43467 14.2398 -3
1 1 0.9383 0.110455 0.109727 0.916621 8.24829 -1.57016 12.3384 -1
1 1 0.9383 0.206692 0.026066 0.930854 6.66607 -0.68581 13.9611 -1
1 1 0.9383 0.085655 0.087181 1.06507 8.10797 5.99384 14.9567 -1
1 1 0.9383 0.21015 0.17974 0.972503 5.97724 5.88137 10.4441 -1
1 1 0.9383 0.166352 0.090662 0.972436 5.31994 9.93236 11.6239 -1
1 1 0.9383 0.055362 -0.139124 0.731457 5.75522 -3.39678 12.422 -1
1 0 0.9383 0.182445 -0.033888 0.614593 7.79533 -0.453672 8.70466 -1
1 0 0.9383 0.066898 -0.14595 0.835315 5.71453 -2.74044 16.7975 -1
1 0 0.9383 0.14345 0.01032 0.779785 7.16819 2.67197 11.9897 -4
1 0 0.9383 0.040894 0.145826 0.798751 7.72126 -0.756101 14.3211 -2
1 0 0.9383 -0.032367 -0.036909 1.12038 5.10941 0.452599 13.5744 -1
1 0 0.9383 -0.000713 0.126097 1.04288 4.83864 1.64598 14.0938 -1
1 0 0.9383 0.029784 0.04115 0.575862 4.0084 -5.70038 9.83153 -1
1 0 0.9383 0.109678 -0.038216 0.717734 4.82831 -5.69788 13.2866 -4
1 0 0.9383 0.197038 0.111828 0.92009 8.27769 0.141529 15.6317 -1
1 1 0.9383 0.144623 0.125539 0.706068 10.0556 -0.694158 9.99161 2
1 0 0.9383 0.121581 -0.087536 0.621748 3.18949 -0.137738 8.73582 2
1 0 0.9383 0.303775 0.000181 0.775807 9.80998 -2.7807 8.70738 4
1 1 0.9383 -0.015132 -0.074823 0.898634 5.20495 -0.583357 14.262 -1
1 1 0.9383 0.121158 0.049059 0.990729 5.3796 9.27351 13.2423 -1
1 1 0.9383 0.143379 -0.026478 0.756495 1.59713 1.51128 7.66138 -3
1 1 0.9383 0.059296 0.139584 0.890331 4.11145 1.04581 9.19213 -1
1 1 0.9383 0.014135 0.14374 0.967116 6.45908 4.79645 10.2794 -1
1 1 0.9383 0.097193 -0.080861 0.959156 7.44334 2.46474 15.4642 -1
1 1 0.9383 0.136711 -0.030277 0.608339 4.11932 -0.725357 11.5348 -1
1 1 0.9383 -0.003941 0.002081 0.823212 5.23564 -5.08913 15.2652 -1
1 1 0.9383 0.059742 0.102127 0.783004 7.55786 4.15159 16.505 -1
1 0 0.9383 -0.05401 0.148151 0.827217 5.36135 6.74313 12.2118 -1
1 0 0.9383 0.008042 -0.035935 0.722193 8.34215 -0.006746 12.9107 -2
1 0 0.9383 0.03748 0.136382 0.815583 7.69873 3.25077 10.7847 -1
1 0 0.9383 0.025024 -0.113182 0.7404 6.3501 1.40824 11.1084 -1
1 0 0.9383 0.188572 -0.082826 0.943966 7.49001 0.501297 10.229 -3
1 0 0.9383 -0.01142 0.124852 0.855329 5.97074 6.70626 14.071 -1
1 0 0.9383 0.161588 -0.049208 0.668555 1.84647 -3.55882 10.6412 -1
1 0 0.9383 0.105019 -0.007379 0.88831 3.52833 2.65974 8.46212 -3
1 0 0.9383 0.128579 0.023789 1.04875 7.2944 6.36328 12.531 -1
1 0 0.9383 0.043253 0.061659 0.894088 6.08293 4.26981 16.0226 -1
1 0 0.9383 0.037037 0.111825 0.745133 6.14318 -1.59186 14.0604 -1
1 0 0.9383 -0.01307 0.068151 0.856702 6.73802 7.29335 14.8955 -1
1 0 0.9383 -0.020583 -0.019574 0.807731 5.28333 2.76047 15.308 -3
1 0 0.9383 0.092155 0.053117 0.752782 5.27282 1.49683 11.357 -1
1 0 0.9383 0.080182 -0.120555 0.909665 8.57218 -4.6868 12.9175 -1
1 0 0.9383 -0.067447 -0.051996 0.925857 4.4988 -0.870237 11.1046 -1
1 0 0.9383 0.069538 -0.00438 1.10247 8.32303 0.65151 13.9734 -1
1 0 0.9383 0.005025 -0.074542 1.16091 4.49403 2.04798 9.1108 -5
1 0 0.9383 0.053451 -0.180014 0.931475 7.95395 -0.762516 16.6264 -1
1 0 0.9383 -0.021683 -0.093951 0.934654 4.5895 1.86066 13.5699 -1
1 0 0.9383 0.217053 0.24708 0.726416 6.95479 8.22067 11.4793 3
1 1 0.9383 0.113232 -0.028035 0.795797 6.39807 -6.02369 11.7567 -1
1 1 0.9383 0.176973 0.100032 1.03337 6.74637 0.957941 15.8247 -1
1 1 0.9383 0.328744 0.198628 1.00203 7.25347 8.32779 14.6888 -3
1 1 0.9383 0.085928 -0.180676 0.914939 3.57255 -2.70483 10.7879 -1
1 1 0.9383 0.039682 -0.05042 0.775196 5.0428 -5.12577 16.2348 -1
1 1 0.9383 0.147174 0.091687 0.716026 8.4584 -2.305 8.07951 -3
1 1 0.9383 0.189142 -0.19435 0.938895 9.0352 -1.4017 13.5875 -3
1 1 0.9383 0.011408 -0.029166 0.876075 8.24127 -0.255541 16.3877 -1
1 1 0.9383 -0.044018 0.123441 0.843729 5.36705 4.15359 15.6189 -1
1 1 0.9383 0.242679 0.035332 0.710025 6.4735 1.13307 10.368 -2
1 0 0.9383 0.140053 0.034411 1.09157 7.11581 1.49937 14.6927 -3
1 0 0.9383 -0.011688 0.139267 1.08472 3.56299 8.26634 12.1421 -3
1 0 0.9383 0.00925 -0.123562 0.755235 5.36985 -6.78383 13.0781 -2
1 0 0.9383 0.032894 0.011269 1.05309 2.62943 -3.27388 11.0923 -1
1 0 0.9383 0.007772 -0.118955 0.727973 6.8713 3.18937 10.7174 -1
1 0 0.9383 0.141014 -0.107399 1.0939 5.78528 -2.99816 12.8136 -1
1 0 0.9383 0.101544 0.019684 1.25256 5.9259 0.848902 16.0772 -1
1 0 0.9383 -0.031318 -0.172361 0.94963 6.28623 -5.03735 13.5077 -6
1 0 0.9383 0.027546 -0.016741 0.773547 7.18339 5.92836 15.4224 -2
1 0 0.9383 0.041792 -0.173048 0.591445 1.3424 1.15675 8.62327 -2
1 0 0.9383 0.035995 -0.167982 0.861479 3.73357 -0.783927 14.422 -1
1 0 0.9383 0.106673 -0.119842 1.01314 8.29476 3.75661 15.151 -1
1 0 0.9383 0.022296 0.030416 0.835346 10.6107 -3.06471 13.2159 -1
1 0 0.9383 0.291058 0.067292 0.973374 8.44863 -2.33997 13.1516 -3
1 0 0.9383 0.238064 0.018998 0.763173 8.46848 -2.11597 8.3745 -2
1 1 0.9383 0.009552 0.264477 0.794443 2.96589 1.59708 8.10415 3
1 0 0.9383 0.07232 0.18923 0.920749 5.42786 6.06066 9.83396 5
1 1 0.9383 0.105018 0.216736 1.00896 7.97687 2.86158 14.1882 -1
1 1 0.9383 -0.060039 0.077571 0.774874 5.59314 8.91187 12.1811 -1
1 1 0.9383 0.159579 0.200221 0.840862 7.37767 5.33226 10.1372 -1
1 1 0.9383 0.013892 0.053034 1.10076 5.86481 -2.04802 12.2488 -1
1 1 0.9383 -0.027077 0.235039 0.825994 5.10794 7.47348 12.3256 -1
1 1 0.9383 0.137341 0.120172 1.00963 7.93844 3.38771 14.9697 -1
1 1 0.9383 0.21351 0.123421 0.982737 6.57455 0.328567 10.4734 -1
1 1 0.9383 0.02265 0.060494 0.759401 7.14192 2.2703 15.232 -1
1 1 0.9383 0.218417 0.038025 0.890546 10.1693 -1.1194 9.447 -2
1 1 0.9383 0.034377 0.154794 0.872338 8.18714 0.068626 16.1757 -1
1 0 0.9383 -0.136049 -0.057453 0.845188 0.94218 -2.01865 13.1842 -1
1 0 0.9383 -0.058867 -0.117745 1.08302 2.50768 -3.21067 13.5679 -1
1 0 0.9383 -0.0253 0.12531 0.874721 7.28078 6.49653 13.7595 -1
1 0 0.9383 0.016214 0.042443 0.832487 6.51369 -0.95359 13.9414 -1
1 0 0.9383 -0.058959 0.171532 0.854341 5.91282 6.25956 11.8311 -1
1 0 0.9383 0.015532 -0.009612 0.928607 5.40957 0.612023 9.67237 -4
1 0 0.9383 -0.016956 -0.171347 0.885947 5.03051 -4.62046 17.6208 -2
1 0 0.9383 0.030425 0.210899 1.03452 6.19486 5.40086 10.6818 -3
1 0 0.9383 0.053279 0.115152 1.29987 3.55216 0.275386 14.0062 -1
1 0 0.9383 0.070773 -0.003481 0.624584 7.23166 0.270717 7.76124 -4
1 0 0.9383 0.191804 0.152494 1.03315 6.09637 6.76284 12.9743 -1
1 1 0.9383 0.257826 -0.147933 0.905245 11.8953 -1.12748 8.77215 5
1 1 0.9383 0.178018 -0.076192 0.921714 7.93678 0.883624 8.52555 3
1 0 0.9383 0.069971 -0.005403 0.703532 6.37329 -0.268599 8.36111 4
1 1 0.9383 0.022786 0.156558 0.927885 7.22658 3.70356 16.5855 -1
1 1 0.9383 0.007162 0.134121 1.1203 8.17262 3.68801 13.6666 -1
1 1 0.9383 0.092101 -0.161363 0.924077 7.17566 -3.68898 11.5574 -1
1 1 0.9383 0.023983 0.063054 0.929411 2.5008 6.64447 12.5312 -2
1 1 0.9383 0.121828 0.115227 0.995649 6.76994 8.33127 11.8851 -1
1 1 0.9383 0.088866 0.059823 0.683516 6.64064 3.21197 10.2359 -1
1 1 0.9383 0.022033 -0.155105 1.17793 1.54207 -2.56312 14.4572 -2
1 1 0.9383 -0.015246 -0.102687 0.978047 4.26804 -5.56767 14.4694 -1
1 1 0.9383 -0.129976 0.022015 0.828812 2.36755 -2.71127 11.6364 -1
1 1 0.9383 0.060664 0.019568 1.0916 9.04093 0.45186 13.1094 -1
1 1 0.9383 0.135576 -0.104596 0.799309 4.21301 -3.1933 9.02282 -1
1 1 0.9383 0.098658 -0.189461 0.927972 7.25905 -3.96454 14.1425 -1
1 1 0.9383 -0.040163 0.057894 0.858606 1.66485 1.03099 7.01163 -1
1 1 0.9383 0.075677 0.046327 1.06903 6.79937 -1.50369 16.7524 -1
1 1 0.9383 0.0388 0.003347 0.658264 7.62875 2.62053 14.6632 -2
1 1 0.9383 0.121897 0.093885 0.830245 6.96943 4.08352 15.9262 -1
1 1 0.9383 0.186527 -0.04596 0.832946 4.08822 0.932856 7.80773 -1
1 1 0.9383 0.161261 0.0019 0.793387 3.26142 -4.99124 14.9556 -3
1 1 0.9383 0.072127 -0.018329 0.745859 6.29501 -1.68054 17.3331 -1
1 1 0.9383 0.005942 0.017227 0.844692 5.75172 -0.548146 10.3859 -1
1 1 0.9383 0.039553 0.042026 0.664131 4.80072 2.21291 10.5776 -1
1 0 0.9383 0.070484 -0.153441 0.87818 7.769 -2.5847 14.2888 -1
1 0 0.9383 0.005523 0.180871 1.17064 5.56713 2.39166 15.6927 -1
1 0 0.9383 -0.081346 0.039763 0.760831 6.97617 -0.188022 15.7234 -1
1 0 0.9383 0.193404 -0.116445 0.948736 9.78955 -1.48857 10.5115 -1
1 0 0.9383 0.045949 -0.154582 0.797179 7.9269 0.67038 15.4691 -1
1 0 0.9383 0.121025 0.221691 1.36245 7.6113 7.14669 15.2672 -2
1 0 0.9383 0.030904 0.026947 0.885626 7.04525 6.32326 15.8389 -1
1 0 0.9383 -0.057825 0.010351 1.20987 4.50995 -1.09442 11.4601 -1
1 0 0.9383 0.064051 -0.074506 0.913325 2.39988 -2.30461 13.7399 -1
1 0 0.9383 0.162843 -0.068274 0.954 8.93545 -1.97518 9.97261 -1
1 0 0.9383 0.035077 -0.069259 1.08597 9.58883 -0.153619 17.9144 -1
1 0 0.9383 0.048693 0.005035 0.740604 0.964789 -0.687106 9.6062 -1
1 0 0.9383 0.155914 -0.013754 0.792411 6.94805 -2.05841 13.0485 -1
1 0 0.9383 -0.022686 0.082662 0.663722 4.50482 2.86012 11.0888 -1
1 0 0.9383 0.141207 0.018383 0.723851 10.3517 -2.42732 12.8411 5
1 1 0.9383 0.096273 0.024753 1.16333 7.01682 -4.49667 14.1587 -1
1 1 0.9383 -0.066986 0.071279 0.933232 2.73265 5.89081 13.0159 -1
1 1 0.9383 0.091763 0.016567 0.695093 6.57728 4.54429 9.29622 -1
1 1 0.9383 -0.046807 0.04695 0.984601 4.34898 -3.75769 13.1291 -1
1 1 0.9383 0.070668 -0.136625 0.993454 9.26749 -5.47689 12.5629 -1
1 1 0.9383 -0.026767 0.058635 1.00067 5.50077 -4.61069 12.8215 -1
1 1 0.9383 -0.081808 -0.044001 0.873219 3.83737 -4.39014 15.5243 -1
1 0 0.9383 0.279872 0.13592 0.878302 7.05387 2.64346 14.428 -3
1 0 0.9383 -0.100304 -0.15529 0.705696 7.80978 -4.66674 11.9571 -7
1 0 0.9383 0.044928 -0.083606 0.681435 6.38068 -2.71705 9.68652 -1
1 0 0.9383 0.105354 0.058077 0.818004 5.24862 -5.12524 11.2201 -1
1 0 0.9383 -0.060635 -0.068598 0.86506 2.4884 -3.35649 14.9037 -1
1 0 0.9383 -0.049556 -0.111985 0.95746 2.69328 2.17898 10.4071 -4
1 0 0.9383 -0.079097 -0.14431 0.875354 6.3526 -2.4282 16.3802 -1
1 0 0.9383 0.032821 -0.026526 0.685863 2.7593 -4.62018 10.0999 -4
1 0 0.9383 -0.053789 -0.135473 0.860085 2.30343 -2.47705 11.5954 -1
1 0 0.9383 0.068949 0.131881 0.888012 5.55141 4.99174 11.8227 -1
1 0 0.9383 0.163972 -0.044396 0.772191 3.60761 1.06974 14.9439 -4
1 0 0.9383 0.376148 0.037133 0.999203 12.7822 0.131686 8.77661 -8
1 0 0.9383 0.208828 -0.133021 0.820421 6.7247 -5.73281 13.0075 -2
1 0 0.9383 0.054759 -0.151275 1.06714 4.37979 -4.37644 17.4351 -5
1 0 0.9383 0.107072 0.180992 0.643083 0.595575 0.963907 7.23972 4
1 1 0.9383 -0.024312 -0.066923 1.0231 5.76232 -6.44231 13.6824 -1
1 1 0.9383 -0.02188 0.048541 0.851292 3.17051 -0.277959 14.2458 -1
1 1 0.9383 0.010469 0.020505 0.724388 6.70161 -4.77818 14.2519 -2
1 1 0.9383 0.039729 -0.008412 0.640685 11.1412 0.500644 9.18451 -2
1 1 0.9383 0.086283 0.175862 1.10599 6.32562 3.1597 11.917 -1
1 1 0.9383 -0.106794 0.147067 0.86488 3.53649 6.9917 12.8564 -3
1 1 0.9383 -0.101295 -0.002266 0.936311 3.35803 -4.64577 9.05609 -1
1 1 0.9383 0.006221 -0.320225 0.902175 2.75428 -3.83379 9.99011 -3
1 1 0.9383 0.267001 -0.28162 0.985024 9.27608 -2.52446 11.2009 -3
1 1 0.9383 -0.040184 -0.049919 0.821574 4.16948 -4.83861 12.9116 -1
1 1 0.9383 0.163999 0.03628 0.807084 3.28092 -1.5856 14.4522 -2
1 1 0.9383 -0.013383 -0.237951 1.04751 6.9393 -3.18563 11.5155 -2
1 1 0.9383 -0.018755 -0.059405 1.04759 6.0818 -5.25064 16.8989 -1
1 1 0.9383 -0.108782 -0.132957 0.857472 1.13572 -3.34716 11.9817 -5
1 1 0.9383 0.00732 -0.023669 0.719677 5.43513 5.13424 10.1656 -2
1 1 0.9383 0.068309 -0.060611 0.882839 4.25617 2.72198 15.5821 -1
1 1 0.9383 0.118934 0.147588 0.840649 4.99494 0.574504 12.004 -5
1 1 0.9383 0.002377 0.10327 0.820708 5.35488 1.31832 14.3988 -1
1 1 0.9383 -0.031045 -0.059001 0.838081 1.55892 -4.64251 14.4444 -1
1 0 0.9383 0.065054 -0.105462 0.664757 5.18193 -2.96267 8.2654 -2
1 0 0.9383 0.090304 -0.000909 0.897489 7.70615 -0.946595 17.5804 -2
1 0 0.9383 0.122703 -0.128252 0.728965 10.5984 -1.82523 10.8906 -1
1 0 0.9383 -0.106313 -0.166469 0.743347 0.474026 -0.438913 8.42142 -1
1 0 0.9383 -0.034632 0.136321 0.685077 5.43731 7.00844 12.5574 -1
1 0 0.9383 -0.009836 -0.12006 0.912815 5.66838 -5.81953 16.2072 -1
1 0 0.9383 -0.041547 -0.195319 1.1466 6.16816 -0.539041 15.0941 -1
1 0 0.9383 0.151448 0.177645 1.11902 5.50519 7.05145 12.4436 -3
1 0 0.9383 0.216568 0.030554 0.929172 7.91022 4.66077 13.2743 -1
1 0 0.9383 0.201875 -0.151065 0.931505 6.67949 -1.37793 9.56366 -1
1 0 0.9383 0.114434 0.242778 0.797604 5.58328 3.25698 11.9667 -2
1 0 0.9383 0.081475 -0.137766 0.824282 6.56714 -2.0629 10.3122 -4
1 0 0.9383 -0.106087 -0.040172 1.06807 5.60798 3.21053 14.6909 -1
1 0 0.9383 0.219248 0.127349 0.807574 5.74993 6.61635 9.57558 -5
1 0 0.9383 0.104569 0.117797 0.713222 7.87136 1.8831 12.5019 -1
1 0 0.9383 0.090427 -0.090255 1.11422 5.72065 1.66383 13.4923 -1
1 0 0.9383 0.176861 0.060012 0.946524 6.91509 8.0609 14.9779 -4
1 1 0.9383 0.223821 0.120412 0.734186 6.14138 5.88 9.84859 -5
1 0 0.9383 0.066843 0.044974 0.638387 6.11588 3.06807 11.6607 -1
1 0 0.9383 0.026043 -0.053458 0.907453 1.68085 1.44932 8.74922 -2
1 0 0.9383 -0.075163 -0.012439 0.820946 3.58368 -5.22712 16.0447 -1
1 0 0.9383 0.018298 -0.198308 1.07575 7.42398 -0.619632 16.1218 -1
1 1 0.9383 0.231973 0.238947 0.742852 7.05168 5.00081 10.827 2
1 1 0.9383 0.330412 -0.157029 0.823452 10.2767 -3.61246 12.207 2
1 0 0.9383 0.406565 -0.054825 0.898932 8.56207 -2.69563 8.886 2
1 1 0.9383 -0.075168 -0.016016 1.07705 4.33602 2.04335 11.8963 -1
1 1 0.9383 0.17493 -0.001863 0.732311 6.0715 4.93023 11.4985 -1
1 1 0.9383 -0.054966 -0.021348 0.894393 1.89602 -3.94802 14.0149 -1
1 1 0.9383 0.088161 -0.018713 1.17129 8.44214 4.21383 13.4589 -1
1 1 0.9383 -0.11975 0.048404 0.979017 2.30743 -1.20758 11.7006 -1
1 1 0.9383 0.06009 0.025418 0.974187 7.12083 -3.86393 11.1074 -4
1 1 0.9383 -0.037875 0.054882 0.825137 3.54075 2.0432 12.3714 -1
1 1 0.9383 0.129135 0.012186 0.775307 6.16745 -5.27376 13.0524 -1
1 1 0.9383 0.003284 0.029831 0.80424 3.37609 -0.232949 14.8059 -1
1 1 0.9383 0.004864 0.174243 0.942381 6.63471 6.51331 15.7999 -1
1 1 0.9383 -0.105282 0.061881 0.884448 3.86249 -0.461154 14.7371 -1
1 1 0.9383 0.052442 -0.093827 1.00351 9.77473 -0.225638 17.2195 -1
1 0 0.9383 0.118851 -0.073815 0.692348 1.97003 1.41367 9.11002 -6
1 0 0.9383 0.010211 -0.110397 0.688687 6.25237 -1.54171 15.1332 -1
1 0 0.9383 -0.01307 -0.094702 0.804393 5.05166 -3.53966 16.3943 -1
1 0 0.9383 0.102791 0.043553 0.981167 6.65982 -0.989896 15.725 -4
1 0 0.9383 0.171229 0.024387 0.778351 8.36433 -4.55158 7.98794 -1
1 0 0.9383 -0.006816 0.133582 0.871702 4.97457 3.8342 15.9737 -1
1 0 0.9383 0.046426 0.014362 0.817622 6.54649 -2.20691 11.8921 -1
1 0 0.9383 0.038339 0.155584 0.855214 5.15757 0.334145 8.47381 -1
1 0 0.9383 0.087358 0.33912 0.706862 7.39853 8.39039 11.2365 -2
1 0 0.9383 -0.082561 0.011092 1.14599 3.89506 6.59342 15.4006 -1
1 0 0.9383 0.060018 0.071998 0.782054 3.40718 5.88859 16.0585 -2
1 0 0.9383 -0.044292 -0.055973 0.744713 3.05374 -2.93906 10.8222 -1
1 0 0.9383 0.14725 -0.158788 1.12532 7.96753 -2.0907 17.3839 -1
1 0 0.9383 0.271556 0.133937 0.840042 6.83605 6.84325 13.5959 -5
1 0 0.9383 0.15345 -0.153194 0.75575 7.92115 0.220214 10.4579 -1
1 0 0.9383 0.053716 -0.098662 0.814786 8.74007 2.34207 13.4507 -1
1 0 0.9383 0.179131 -0.051218 0.783867 9.27906 -3.15577 16.3784 -2
1 0 0.9383 -0.115659 -0.109245 1.10311 2.33758 -1.2141 12.9221 -1
1 0 0.9383 0.16268 0.058039 0.945269 3.3286 1.85555 8.51069 -1
1 0 0.9383 0.08934 0.155741 1.1626 8.36492 3.8166 15.3339 3
1 1 0.9383 0.05778 -0.223299 0.972854 6.1842 -6.64637 13.7653 5
1 1 0.9383 -0.050664 -0.182737 0.7043 6.83366 -3.59962 10.9517 -3
1 1 0.9383 -0.014257 0.072388 1.13273 7.57649 3.94141 15.6194 -1
1 1 0.9383 0.088044 0.002522 0.699807 7.6278 6.8672 13.0292 -1
1 1 0.9383 0.206419 -0.044015 0.653479 9.48796 -3.80885 11.9488 -4
1 1 0.9383 0.098906 0.009329 1.02686 4.66211 -5.29841 16.0073 -3
1 1 0.9383 0.04604 -0.259631 0.886545 4.12807 -4.48495 12.187 -3
1 1 0.9383 0.014348 0.11385 0.985462 3.94961 0.68787 14.8615 -1
1 1 0.9383 -0.005496 -0.054475 0.972896 5.2713 -2.94742 11.9686 -1
1 1 0.9383 -0.020062 -0.044086 0.930131 6.19437 -6.46255 13.2446 -1
1 1 0.9383 0.096156 -0.121025 0.968752 6.42844 -5.88523 12.7769 -1
1 1 0.9383 0.159409 0.001119 0.926018 9.07846 -4.36666 7.83707 -2
1 1 0.9383 0.286944 0.035346 1.03286 8.44016 -3.71476 11.0518 -1
1 1 0.9383 0.181194 0.032832 0.956627 10.6011 -3.89507 13.3521 -2
1 1 0.9383 -0.087794 -0.026297 0.867467 3.18371 0.276779 8.25053 -1
1 1 0.9383 0.077804 -0.063212 0.921428 4.36134 6.91601 13.802 -1
1 1 0.9383 0.175446 -0.036004 0.65866 8.58761 -3.59563 12.2649 -5
1 1 0.9383 0.010441 0.079283 0.97624 7.09037 -1.20596 12.6294 -1
1 0 0.9383 0.029865 -0.034965 0.786718 6.97811 0.706058 7.39433 -3
1 0 0.9383 -0.005149 0.036784 0.974384 8.83586 -1.43119 14.7964 -5
1 0 0.9383 -0.03439 -0.014993 0.895265 1.52307 -3.09888 10.2663 -1
1 0 0.9383 0.059994 -0.063054 1.09169 7.55499 -6.3888 15.414 -3
1 0 0.9383 -0.085597 -0.195279 1.08743 4.95652 1.33397 11.1038 -3
1 0 0.9383 0.028335 0.113349 0.689051 7.21838 -0.415378 8.8632 -2
1 0 0.9383 0.100649 0.172827 1.07648 8.59755 -1.14701 14.7407 -3
1 0 0.9383 0.231991 -0.008729 0.850019 4.29015 -1.51111 8.76332 -2
1 0 0.9383 0.166427 0.085952 0.657357 8.67694 -0.247419 8.62596 -3
1 0 0.9383 -0.076773 -0.029828 0.941118 6.76567 -5.08245 13.1751 -1
1 0 0.9383 0.120627 0.015135 0.969349 3.94035 6.49918 13.5169 -1
1 0 0.9383 0.132101 -0.282436 1.22313 8.57409 -5.49697 15.9728 -2
1 0 0.9383 -0.107096 0.099488 1.02006 4.70023 -4.64203 13.2085 -1
1 1 0.9383 0.334669 -0.090229 0.806831 4.42869 -0.680772 9.95369 2
1 0 0.9383 0.27834 0.095495 0.737037 5.0626 0.192898 9.65012 3
1 1 0.9383 0.01639 -0.006199 0.679016 4.93132 1.75137 9.67193 -1
1 1 0.9383 -0.090122 0.09597 1.01153 5.86607 0.255999 15.1669 -1
1 1 0.9383 0.069974 0.165303 1.03046 3.77327 3.77548 13.1556 -9
1 1 0.9383 0.099961 -0.072586 0.716453 4.43472 0.411683 10.0082 -1
1 0 0.9383 0.417414 -0.114972 1.03344 7.62698 -3.78045 14.5833 -6
1 1 0.9383 -0.042838 -0.043475 0.869121 2.83134 0.819805 10.6139 -1
1 1 0.9383 0.139854 -0.085766 1.11808 4.32591 -0.940181 10.6878 -6
1 1 0.9383 0.034028 0.123406 0.609458 6.18821 1.19146 10.2008 -7
1 0 0.9383 0.058373 -0.052132 0.620335 3.7867 2.43588 8.87955 -6
1 0 0.9383 0.166408 -0.094793 0.834674 7.48949 -0.428417 7.9322 -1
1 0 0.9383 -0.011781 0.105763 0.84434 1.92392 -3.04419 12.0567 -1
1 0 0.9383 -0.065963 -0.130548 0.750289 1.71769 -0.152108 8.50912 -1
1 0 0.9383 0.027657 0.000905 0.723125 6.52886 0.490352 12.693 -1
1 0 0.9383 0.243664 0.046543 1.01006 9.08676 -0.704922 8.90384 -1
1 0 0.9383 0.140408 -0.092283 0.628764 5.96609 -0.977679 8.80937 -2
1 0 0.9383 0.055109 -0.050458 1.10893 5.67683 -1.65145 9.57759 -1
1 0 0.9383 0.075266 -0.002001 1.05089 3.68465 -1.70614 14.5023 -6
1 0 0.9383 -0.025694 0.292435 0.963104 7.82869 6.6764 12.3981 -2
1 0 0.9383 -0.025196 -0.118493 0.985468 5.23576 1.54293 15.5629 -1
1 0 0.9383 -0.072233 0.013514 0.945298 5.07453 1.83003 9.59764 -2
1 0 0.9383 -0.019677 -0.003737 1.17202 4.08082 -3.72393 10.6019 -4
1 0 0.9383 -0.030336 -0.075832 0.833159 8.68472 3.5131 12.963 -1
1 0 0.9383 0.075472 -0.117495 1.00312 4.93022 -5.41056 14.243 -1
1 0 0.9383 0.130621 0.022749 0.668034 7.83238 -0.178621 13.6878 -1
1 0 0.9383 0.22906 -0.220386 1.00957 7.20397 -5.21903 12.1867 -2
1 0 0.9383 -0.054513 0.037533 0.90018 3.10219 -3.82986 15.203 -1
1 1 0.9383 0.032047 0.083672 0.681112 3.8375 8.83316 12.0654 2
1 0 0.9383 0.161164 -0.135484 1.12526 2.64705 -1.0727 11.5841 4
1 0 0.9383 0.095572 0.072456 0.686956 3.95156 8.78274 11.7745 3
1 0 0.9383 0.259165 0.28494 1.08535 2.9158 7.14372 11.5206 6
1 0 0.9383 0.048152 -0.079924 0.752199 10.1987 -1.97706 11.1746 3
1 1 0.9383 0.005943 0.046767 0.97969 4.95924 7.84592 12.7324 -3
1 1 0.9383 -0.030796 -0.013988 0.993486 4.86373 2.96108 15.2519 -1
1 1 0.9383 -0.056567 -0.016426 0.790971 6.01382 3.23746 12.1943 -1
1 1 0.9383 0.165761 -0.005345 1.0759 7.08336 1.25904 13.9219 -1
1 1 0.9383 0.050865 0.038567 0.765659 2.62735 6.27613 12.8362 -1
1 1 0.9383 0.085544 0.193934 0.99713 3.76715 7.05606 13.9202 -2
1 1 0.9383 -0.000571 -0.016147 0.723016 6.40243 -2.75353 9.98616 -1
1 1 0.9383 0.153262 0.063197 1.02205 8.55456 -6.23936 15.755 -1
1 1 0.9383 -0.024112 0.040643 1.16376 7.73617 0.734737 13.668 -1
1 1 0.9383 -0.099011 0.030336 1.06741 2.07619 -1.69528 14.1363 -1
1 1 0.9383 0.112256 0.007298 1.0763 8.18165 -3.53693 12.2952 -1
1 0 0.9383 0.195847 -0.203982 0.947786 9.62476 -3.09347 10.5958 -2
1 0 0.9383 0.247459 -0.165564 0.730607 6.16014 -1.0728 8.05277 -2
1 0 0.9383 0.009428 0.054333 1.07978 8.7059 4.23149 15.94 -1
1 0 0.9383 0.122975 0.12152 1.06832 7.75381 0.964128 12.407 -1
1 0 0.9383 0.274475 -0.039129 1.0353 6.58538 -2.74094 16.2362 -1
1 0 0.9383 0.245166 0.104229 0.765333 7.26094 4.38523 9.55544 -1
1 0 0.9383 -0.069721 -0.165428 0.963471 4.80585 -5.81694 14.7748 -1
1 0 0.9383 -0.01614 -0.040523 0.974261 3.78022 5.53222 13.7721 -1
1 0 0.9383 0.038933 -0.009713 0.659026 3.29607 -5.78871 9.60107 -1
1 0 0.9383 0.157937 0.055434 0.940119 8.49971 -4.19105 11.298 -1
1 0 0.9383 -0.066835 -0.08735 0.857589 4.03458 -0.122424 13.6115 -1
1 0 0.9383 0.100895 -0.185842 0.97339 9.12504 -1.89697 15.6049 -1
1 0 0.9383 0.135401 0.083848 1.01638 8.49863 -1.52957 13.1957 -1
1 0 0.9383 0.118553 0.089883 0.675421 2.25387 1.79068 11.6588 -2
1 0 0.9383 -0.087196 0.028446 1.00987 2.36773 0.787498 9.55373 -5
1 0 0.9383 0.114877 -0.122865 0.661983 6.41986 -3.10437 13.3082 -1
1 0 0.9383 0.217249 -0.124223 1.10507 4.41814 0.744154 15.545 -2
1 1 0.9383 0.199164 0.044269 1.0457 4.77431 1.49669 14.4131 3
1 0 0.9383 0.279315 -0.101947 0.893834 7.21279 -0.975033 15.4999 4
1 1 0.9383 0.020977 -0.097662 0.96452 9.22203 -0.813997 17.7841 -1
1 1 0.9383 0.188501 0.081774 0.881138 5.04807 1.97898 11.5284 -1
1 1 0.9383 0.031779 -0.03801 0.941471 6.20028 -2.5628 15.9011 -1
1 1 0.9383 0.023171 -0.089246 1.01681 5.63802 0.538355 16.4759 -1
1 1 0.9383 0.196054 0.205061 0.940932 4.02122 9.04906 11.8282 -1
1 1 0.9383 0.092068 -0.060007 1.09917 8.26932 -5.71505 15.5365 -1
1 1 0.9383 0.159851 0.039224 0.932698 5.26321 3.96735 15.876 -2
1 1 0.9383 0.02711 -0.041626 0.814822 8.50958 -1.6182 14.8327 -1
1 1 0.9383 0.17067 0.061938 0.901811 7.86438 -4.53803 10.5473 -2
1 1 0.9383 -0.033391 0.102097 1.04291 7.92266 -1.5679 14.3229 -1
1 1 0.9383 0.059274 -0.034244 1.06379 4.80845 4.88819 12.1517 -1
1 1 0.9383 -0.052865 0.009032 0.66856 7.28888 -1.61968 9.44755 -2
1 1 0.9383 0.105037 -0.146105 1.02339 5.83684 -5.58155 13.6511 -1
1 1 0.9383 -0.057054 -0.079611 1.06824 5.17228 1.3622 15.7959 -1
1 0 0.9383 0.009811 0.170514 0.856 8.13226 0.222593 8.76845 -2
1 0 0.9383 0.024837 -0.139306 0.976386 8.48992 -0.78702 18.0551 -1
1 0 0.9383 0.10716 0.058843 1.16547 8.65055 -1.17141 12.7597 -1
1 0 0.9383 -0.036435 -0.184505 0.937131 5.8217 -4.48132 12.5135 -1
1 0 0.9383 0.029158 -0.14758 1.05581 8.00752 0.381729 15.3976 -1
1 0 0.9383 0.198225 -0.240371 0.950186 8.38321 -1.42934 9.82518 -2
1 0 0.9383 0.053224 -0.18038 0.766732 5.66689 -5.07266 11.4798 -2
1 0 0.9383 0.21438 -0.006471 1.18821 8.39604 4.16549 13.9417 -2
1 0 0.9383 0.12685 0.084554 0.711986 5.61696 -2.93641 10.952 -4
1 0 0.9383 0.135895 -0.090299 0.726618 4.40866 -4.86826 12.7347 -2
1 0 0.9383 0.069114 0.103107 0.678748 6.68321 -4.90335 13.1345 -1
1 0 0.9383 0.104364 -0.146755 0.857066 6.64989 -1.15675 16.2008 -1
1 0 0.9383 0.040087 0.074151 0.628973 0.771911 -0.06849 8.70896 -2
1 0 0.9383 0.063224 -0.104453 0.600596 3.98373 -1.89077 11.7113 -7
1 0 0.9383 -0.066505 0.009997 0.632888 4.34764 -1.50734 8.2055 -1
1 0 0.9383 0.071078 0.009224 0.880103 5.5081 1.801 15.5598 -1
1 0 0.9383 0.219926 0.03598 0.574824 6.95978 -3.09807 8.71614 -1
1 0 0.9383 -0.005695 -0.173699 0.738457 8.35223 -2.79499 12.2318 -1
1 1 0.9383 -0.027308 -0.008732 0.776247 8.19888 2.43636 11.5157 -2
1 0 0.9383 -0.088769 0.112037 1.07914 2.23623 2.48596 11.8976 6
1 0 0.9383 0.028375 0.243736 0.800162 7.0985 4.94232 12.1581 4
1 1 0.9383 0.120925 -0.070325 0.637764 8.75243 -4.14343 9.17705 -1
1 1 0.9383 -0.014625 0.089205 0.732191 6.32154 5.6601 11.9861 -3
1 1 0.9383 0.024945 0.038138 0.555561 4.477 -2.99786 9.62118 -1
1 1 0.9383 0.085589 -0.065263 0.790548 5.2563 -1.54088 15.0761 -2
1 1 0.9383 0.048124 -0.092717 0.87419 4.45195 3.67153 12.944 -2
1 1 0.9383 0.002078 0.103728 0.697267 6.63439 4.62816 11.547 -1
1 1 0.9383 0.120717 0.115769 0.907177 6.68008 4.3792 12.2199 -2
1 1 0.9383 0.134622 0.012578 0.789264 9.68495 -3.24221 15.3322 -3
1 1 0.9383 0.046226 0.046925 0.704472 8.73704 -2.30356 15.562 -1
1 1 0.9383 0.128716 -0.098878 0.788371 3.55322 -1.24699 13.8006 -1
1 1 0.9383 0.252239 -0.088635 0.949732 6.95058 5.05118 12.5508 -3
1 1 0.9383 0.167926 0.019326 0.834227 7.70066 -0.229529 8.32999 -3
1 1 0.9383 0.099343 -0.144728 0.735615 8.01363 -1.81181 9.77543 -10
1 0 0.9383 0.01997 -0.085028 0.727841 3.9054 -1.78896 14.3458 -1
1 0 0.9383 0.031977 0.018381 0.94842 0.669539 1.15074 8.77107 -1
1 0 0.9383 -0.051084 0.118023 0.857977 3.76496 2.29069 12.4783 -1
1 0 0.9383 0.187431 -0.060342 1.02615 6.6411 1.56993 15.4178 -1
1 0 0.9383 0.033552 -0.144059 1.19813 6.23509 -3.94699 13.7655 -1
1 0 0.9383 0.120824 -0.005467 0.687795 10.5231 0.475865 9.67487 -1
1 0 0.9383 -0.02678 -0.094701 1.04651 5.83064 -1.21729 14.6568 -1
1 0 0.9383 0.076997 -0.187789 0.842468 8.20907 -1.40032 8.71419 -5
1 0 0.9383 -0.064758 0.09242 0.994407 1.68951 -2.726 13.3422 -1
1 0 0.9383 0.14013 -0.009894 1.04128 6.61798 6.18438 14.985 -4
1 0 0.9383 0.196055 -0.039664 0.855289 8.36497 -5.31658 16.3983 -1
1 0 0.9383 0.038161 -0.200284 0.888553 4.7587 -1.01075 12.2183 -3
1 0 0.9383 0.06495 -0.185228 0.843152 2.76263 -1.32898 14.0165 3
1 0 0.9383 0.313936 0.060083 0.643485 13.1806 -0.139192 9.05767 2
1 0 0.9383 0.067282 -0.099479 0.766594 5.61775 3.28615 11.4596 3
1 0 0.9383 0.093577 -0.12283 0.886252 4.36863 0.626108 10.0575 5
1 0 0.9383 0.226283 -0.145496 0.784007 5.56408 -3.12582 12.9056 5
1 0 0.9383 0.08675 -0.012657 0.622407 5.7469 7.53304 14.0781 2
1 1 0.9383 0.082638 0.113078 0.932908 5.62753 7.78854 13.6094 -2
1 1 0.9383 0.079102 0.139977 0.755381 7.75917 -4.26648 10.0766 -3
1 1 0.9383 -0.026582 0.053295 0.843916 6.07719 1.7505 13.3164 -1
1 1 0.9383 0.146194 0.038042 0.881635 3.57098 -1.6493 8.1754 -1
1 1 0.9383 0.208396 0.074672 0.968855 4.60525 2.79369 9.10095 -1
1 1 0.9383 -0.06926 0.265471 1.18358 3.64512 4.16452 12.7442 -3
1 1 0.9383 0.122071 -0.087706 1.063 5.45977 3.82263 15.369 -7
1 1 0.9383 0.199496 0.125616 0.876135 8.55431 2.45529 12.5561 -1
1 1 0.9383 0.026488 -0.012522 0.721429 5.93071 -0.877273 15.5424 -1
1 1 0.9383 0.004028 -0.096563 0.924229 4.43879 -7.74126 12.8425 -1
1 0 0.9383 0.107569 -0.179898 0.674038 6.34706 0.112585 8.54265 -2
1 0 0.9383 -0.104832 -0.119837 0.983766 6.2906 -0.150422 13.1577 -1
1 0 0.9383 0.145866 -0.042725 1.00964 10.018 -1.92667 10.1729 -1
1 0 0.9383 0.023744 -0.164554 0.871285 8.87106 0.659373 13.6394 -1
1 0 0.9383 -0.082494 0.166097 0.660373 1.27622 0.727189 7.92435 -1
1 0 0.9383 0.140602 0.158078 1.0215 4.58484 7.16525 14.1674 -1
1 0 0.9383 0.091256 0.045254 1.01755 6.60629 6.18502 12.6458 -1
1 0 0.9383 0.209078 0.109988 0.915955 8.71323 -1.72658 9.40409 -1
1 0 0.9383 0.075398 -0.067571 0.806935 3.98816 5.90915 13.3717 -1
1 0 0.9383 0.093952 0.017997 0.694271 5.47938 -1.78888 8.53082 -1
1 0 0.9383 -0.07615 0.119391 1.1105 6.4145 -1.94341 17.0559 -1
1 0 0.9383 -0.04399 -0.096368 1.09421 1.64938 -1.77702 14.1257 -1
1 0 0.9383 0.011767 -0.039682 0.70602 4.91997 -2.44546 12.7864 -1
1 0 0.9383 -0.094759 -0.083875 0.844489 3.74114 -3.16554 8.57219 -1
1 0 0.9383 0.083105 0.09809 0.871217 3.72153 1.30133 9.27543 -5
1 1 0.9383 0.378885 0.083013 1.07198 5.9035 4.35799 9.96639 5
1 1 0.9383 0.090851 0.150369 0.867944 5.92371 1.28427 10.957 3
1 1 0.9383 0.043292 0.111511 0.705508 2.84552 -4.09586 8.71931 4
1 0 0.9383 0.159307 0.131087 0.853153 11.3495 0.395231 9.33244 5
1 0 0.9383 0.149421 0.120956 1.03525 7.9547 0.38531 13.4973 7
1 1 0.9383 0.068487 -0.061934 1.28613 7.1385 1.51748 15.135 -1
1 1 0.9383 0.091121 -0.056148 0.931063 11.0454 -4.41253 13.228 -1
1 1 0.9383 -0.049819 0.098731 0.987756 6.69705 -1.25483 15.1941 -1
1 1 0.9383 0.284773 -0.000749 1.2024 9.17516 0.261454 18.4391 -2
1 1 0.9383 0.077996 0.009572 0.942829 4.05541 3.03241 14.1805 -1
1 1 0.9383 0.08758 -0.107019 0.91911 6.44477 -4.13915 12.9596 -3
1 1 0.9383 0.027461 -0.09169 0.936452 2.68966 -5.1159 10.1173 -2
1 1 0.9383 0.030587 0.154858 0.795975 2.45189 2.1241 8.43056 -7
1 1 0.9383 -0.050653 -0.065579 1.10772 6.68694 2.64906 14.1601 -1
1 1 0.9383 -0.039213 -0.015 0.86429 3.83156 2.71824 14.0208 -1
1 1 0.9383 0.077274 -0.065735 0.924343 6.21021 -1.36336 16.4124 -1
1 1 0.9383 0.127621 0.060228 1.02821 6.87259 -4.39977 14.3592 -2
1 0 0.9383 0.069619 0.061101 0.820966 4.30437 7.42681 12.406 -1
1 0 0.9383 0.092523 -0.235351 1.06476 5.46231 -6.2632 12.6342 -1
1 0 0.9383 -0.120219 0.16222 1.03195 2.96922 -1.3444 14.3876 -1
1 0 0.9383 0.021109 0.097281 0.807155 5.48677 -4.64112 14.8663 -1
1 0 0.9383 -0.054767 0.152012 1.01992 4.06545 6.35115 14.9476 -2
1 0 0.9383 0.004621 0.019615 0.73396 7.8658 -4.2862 14.9426 -1
1 0 0.9383 -0.069776 0.111039 0.917735 4.57484 1.70585 15.2356 -2
1 0 0.9383 0.18306 0.062746 1.08323 9.60924 -0.636812 15.775 -5
1 0 0.9383 0.30374 -0.036199 0.73435 9.16739 -1.84094 9.76184 -8
1 1 0.9383 0.352879 0.076719 0.893296 7.88748 3.99267 10.3314 2
1 1 0.9383 0.146025 -0.030131 1.12362 10.6463 -2.82064 11.9765 -1
1 1 0.9383 0.019442 -0.192109 0.853756 6.1375 -5.22969 9.97996 -2
1 1 0.9383 0.217773 -0.025541 0.823719 5.27535 0.037216 10.5504 -1
1 1 0.9383 -0.023737 0.10816 0.783376 3.84361 2.8305 13.5083 -1
1 1 0.9383 0.157292 -0.208063 0.995342 9.14542 -2.39527 14.8323 -1
1 1 0.9383 -0.101687 0.098046 0.931846 2.77239 3.01943 11.8548 -3
1 1 0.9383 0.063462 -0.028008 0.862938 4.58362 7.95465 14.4443 -1
1 1 0.9383 0.253965 -0.029506 0.855165 5.91035 -6.39889 10.1659 -2
1 1 0.9383 -0.02483 0.01553 0.883263 2.16607 -2.96935 10.6257 -1
1 1 0.9383 0.020767 0.058747 0.64034 3.81109 -3.44912 11.1626 -1
1 1 0.9383 -0.016762 -0.038155 0.731266 4.08701 5.76047 14.447 -1
1 1 0.9383 0.17376 0.057327 1.03582 3.99755 3.71063 14.5667 -1
1 1 0.9383 -0.021982 -0.152218 0.763644 4.38635 -0.054289 11.4921 -1
1 1 0.9383 -0.060906 -0.094481 0.808676 2.32723 0.477434 8.19056 -1
1 1 0.9383 0.164241 0.044365 0.879944 4.20433 0.773682 8.64142 -1
1 0 0.9383 -0.009446 0.086106 0.667093 3.52737 2.80532 9.40243 -1
1 0 0.9383 -0.101319 -0.144579 1.11611 5.38751 -2.61666 12.4943 -1
1 0 0.9383 0.11622 -0.002258 0.702744 5.64082 -1.55696 15.5494 -1
1 0 0.9383 -0.018199 -0.04195 0.68947 6.45385 -2.70827 10.7664 -1
1 0 0.9383 0.05358 -0.004831 0.993907 8.15956 4.35245 12.9366 -1
1 0 0.9383 0.152411 0.096367 0.884288 4.84344 -2.43379 8.42491 -2
1 0 0.9383 0.162395 0.079436 1.19151 4.44572 1.26778 16.4133 -1
1 0 0.9383 0.059328 -0.067313 0.849459 1.29952 0.4622 7.22232 -2
1 0 0.9383 0.14805 0.177783 0.64871 12.2247 -0.137509 9.0186 -2
1 0 0.9383 0.247919 -0.022184 0.928875 10.9374 1.11736 9.18736 -1
1 0 0.9383 0.197121 0.063702 0.706329 4.55274 2.93587 13.0316 -1
1 0 0.9383 0.090727 -0.021972 0.783291 1.44332 -1.61567 13.2808 -2
1 0 0.9383 0.017904 -0.165629 0.784009 4.50677 -1.41405 14.0242 -1
1 0 0.9383 0.166927 0.173751 0.919672 7.88244 2.15916 15.0352 -2
1 0 0.9383 0.019551 0.195603 0.873065 2.61479 2.14354 11.4294 -1
1 0 0.9383 0.233387 -0.025979 0.745783 8.94017 -4.48579 12.3818 3
1 0 0.9383 0.269379 -0.294093 0.859664 5.64347 -5.32932 12.1856 2
1 1 0.9383 0.017946 -0.109023 0.932573 3.95133 -4.49663 15.7969 -4
1 1 0.9383 0.073534 0.050738 1.1315 5.05257 1.52688 11.0911 -1
1 1 0.9383 0.169803 0.083376 0.963708 8.26821 -4.12952 14.9618 -1
1 1 0.9383 0.17243 -0.098591 0.748058 9.50107 -3.51181 12.1245 -1
1 1 0.9383 -0.015909 0.008667 0.878321 7.59001 -0.718062 13.8336 -1
1 1 0.9383 0.028977 0.003653 0.811421 8.11154 4.33355 13.9202 -1
1 1 0.9383 -0.092473 -0.021197 0.808846 2.79439 -1.38066 11.9231 -1
1 1 0.9383 -0.107551 -0.130622 0.905221 3.23754 0.862202 9.8596 -2
1 1 0.9383 0.016699 0.062079 0.819173 6.41505 -3.58036 13.3437 -1
1 1 0.9383 -0.02341 -0.064109 0.914098 6.5982 2.66827 12.3447 -1
1 1 0.9383 -0.072996 -0.077581 1.1109 4.57763 -5.4527 14.6391 -1
1 1 0.9383 -0.13423 -0.066575 0.85789 1.85324 -1.15328 13.1158 -1
1 0 0.9383 -0.001245 0.119482 0.979302 7.48563 2.36492 14.3213 -3
1 0 0.9383 -0.009135 -0.087042 1.13667 7.37767 1.52101 13.1448 -1
1 0 0.9383 0.042736 -0.048882 0.705564 4.82824 1.6249 13.6213 -1
1 0 0.9383 0.21068 -0.007714 0.7407 0.698927 0.604925 8.59774 -3
1 0 0.9383 0.018184 -0.107143 0.763347 3.78844 -3.77272 13.9655 -1
1 0 0.9383 0.111139 0.091853 0.667835 6.84689 -5.2391 12.0047 -1
1 0 0.9383 0.03322 -0.16384 0.89182 9.3877 -4.41946 12.2209 -3
1 0 0.9383 -0.003864 0.151143 0.87746 3.71744 -0.576667 13.1654 -1
1 0 0.9383 0.000862 -0.030229 0.896538 5.81002 -4.03904 10.5008 -1
1 0 0.9383 0.157467 0.138676 1.05031 6.31015 -0.150097 14.1209 -2
1 0 0.9383 0.139043 -0.048188 1.28453 8.41915 1.08981 13.2719 -3
1 1 0.9383 0.056651 0.146084 0.982442 2.25897 -2.64992 12.7506 4
1 1 0.9383 0.148156 -0.182648 0.862977 7.10603 -4.35255 13.7881 -1
1 1 0.9383 -0.118613 -0.035058 0.946556 3.76907 3.07388 12.4984 -1
1 1 0.9383 -0.002567 0.015884 0.962084 2.99064 6.85181 13.1775 -1
1 1 0.9383 0.016235 -0.080023 0.983237 3.93572 1.34686 8.83108 -3
1 1 0.9383 0.199042 0.17017 1.06135 4.52849 7.49861 13.4447 -2
1 1 0.9383 -0.047495 0.031349 0.994277 4.96228 6.71053 12.6263 -1
1 1 0.9383 0.010611 -0.098948 0.809017 2.57087 -0.513712 14.6161 -1
1 1 0.9383 0.026326 0.173089 0.92751 6.39658 2.1547 13.3809 -1
1 1 0.9383 0.113312 0.176442 0.982971 2.94072 7.54044 12.1154 -4
1 0 0.9383 0.042865 0.136812 0.84243 6.27119 6.89033 10.1438 -1
1 0 0.9383 0.112113 0.05114 0.747967 8.82129 -2.59962 11.9262 -2
1 0 0.9383 0.047647 0.083963 0.669127 3.85095 -1.00777 15.099 -1
1 0 0.9383 0.011937 0.043667 1.02188 5.51078 6.66628 15.8096 -1
1 0 0.9383 0.246925 0.195161 1.37237 7.59678 6.36696 15.3177 -2
1 0 0.9383 0.101204 0.047569 0.966267 1.86309 -2.52644 13.7723 -1
1 0 0.9383 0.076733 -0.133252 0.990017 5.26218 -4.35771 14.1607 -3
1 0 0.9383 -0.101412 -0.030898 0.800373 3.65942 -3.17947 8.47293 -1
1 0 0.9383 0.013361 0.16389 0.911451 7.31159 1.43016 13.6887 -1
1 0 0.9383 -0.074897 -0.092271 0.779846 2.58883 0.840004 8.7638 -3
1 0 0.9383 -0.146025 0.020215 0.918057 3.09763 -4.26901 15.7136 -1
1 0 0.9383 -0.023207 -0.153547 1.06762 3.79105 -4.22819 15.1059 -1
1 0 0.9383 0.055706 0.048527 0.727222 8.48983 -4.01789 12.8444 -1
1 0 0.9383 -0.006012 -0.000616 0.651696 7.02073 0.154813 7.37698 -5
1 1 0.9383 0.080054 -0.038443 0.54785 9.53296 -4.11081 11.269 6
1 0 0.9383 0.143295 -0.016266 0.698892 5.4729 -2.82849 8.87452 5
1 0 0.9383 0.029544 -0.153642 0.904209 7.00699 -3.19436 10.3398 4
1 1 0.9383 0.272528 0.012975 0.773405 5.05335 0.299941 10.3226 -1
1 1 0.9383 0.149641 -0.049041 0.67093 5.7765 -4.14723 12.5301 -1
1 1 0.9383 0.045039 -0.056205 0.94738 8.6001 -0.054499 12.6609 -1
1 1 0.9383 -0.085702 0.003276 1.04266 7.29437 -1.50648 14.3256 -7
1 1 0.9383 0.055041 -0.038366 0.820807 3.60647 -2.13179 9.9599 -1
1 0 0.9383 0.127753 -0.001811 0.864135 9.00655 -3.00379 11.1181 -2
1 1 0.9383 0.174757 -0.113557 0.921818 5.78318 -4.45077 12.9242 -5
1 0 0.9383 0.044734 -0.007944 0.737389 6.81958 -2.01212 7.74092 -2
1 0 0.9383 0.096313 -0.114753 0.949003 4.72671 -2.22575 10.8651 -1
1 0 0.9383 0.215091 -0.063745 1.05879 9.07858 -2.86125 11.4445 -3
1 0 0.9383 0.004292 -0.091544 0.563859 9.13469 -3.39323 11.1762 -11
1 0 0.9383 0.163013 -0.031597 0.805325 5.05373 -2.62812 13.5166 -1
1 0 0.9383 -0.024404 -0.081074 0.751346 3.42729 -5.26674 15.612 -1
1 0 0.9383 0.020134 -0.096102 0.737936 5.18108 -5.43769 10.4898 -4
1 0 0.9383 -0.036792 0.087144 0.851317 1.27104 -2.18698 12.2428 -1
1 0 0.9383 0.210076 0.034187 1.12312 6.82191 5.58533 13.4682 -1
1 0 0.9383 0.102888 0.043087 1.09818 7.4781 0.789329 12.6367 -1
1 0 0.9383 -0.003318 -0.018556 1.17127 6.63407 2.6204 15.9749 -1
1 0 0.9383 0.027481 0.050035 0.649823 4.68587 -2.01596 12.9775 -1
1 0 0.9383 0.101721 -0.147388 0.858073 6.68719 -3.90702 8.36833 -1
1 0 0.9383 0.025864 0.330444 0.933775 4.53969 9.59231 11.1292 -2
1 0 0.9383 0.069683 0.136371 0.769373 8.937 -0.985364 12.9319 -2
1 0 0.9383 -0.000256 -0.041898 0.687763 8.28136 -4.28567 8.96973 -1
1 0 0.9383 0.073134 -0.014008 1.16482 6.53746 5.98745 14.8755 -1
1 1 0.9383 0.258948 0.050671 0.766423 7.11328 0.71809 7.30949 6
1 0 0.9383 0.099516 0.13323 1.0389 4.88899 9.41639 11.8873 3
1 0 0.9383 0.311975 0.063036 0.874807 7.12762 6.87659 12.1533 3
1 0 0.9383 0.30165 0.00485 0.956752 9.46639 -1.91691 11.7279 5
1 1 0.9383 0.107266 -0.094785 0.999608 6.77565 -2.12383 13.8882 -2
1 1 0.9383 -0.103146 0.037308 1.03399 6.95387 0.416784 15.3147 -1
1 1 0.9383 0.139198 0.079196 0.802318 8.58377 -0.304948 16.5082 -1
1 1 0.9383 0.006228 0.173398 0.905003 4.61315 2.0785 11.4691 -1
1 1 0.9383 -0.079927 0.06154 1.22832 4.48851 2.17637 14.4479 -4
1 1 0.9383 0.056146 0.039461 0.892335 4.51411 -7.07149 13.1982 -1
1 1 0.9383 0.069717 0.056746 0.637937 2.3793 0.180573 7.85375 -6
1 1 0.9383 0.125709 -0.028405 0.963364 6.21232 -0.979837 11.6758 -1
1 1 0.9383 0.210314 0.034472 0.794806 6.20397 6.43043 11.2169 -4
1 1 0.9383 0.099411 -0.111749 0.83593 9.30012 -0.947656 15.0681 -1
1 1 0.9383 0.127518 0.069915 0.883144 5.41315 4.79899 11.9795 -1
1 1 0.9383 -0.010951 -0.016953 0.775924 6.64745 6.51339 14.6838 -1
1 1 0.9383 -0.013981 -0.016447 0.956104 5.80942 0.51223 12.0767 -1
1 0 0.9383 0.037307 0.114332 1.01412 8.11856 1.22034 15.5524 -1
1 0 0.9383 0.158187 0.085367 0.949945 6.67726 0.689001 15.7304 -1
1 0 0.9383 0.05689 0.113861 0.720288 6.86819 6.42882 13.927 -3
1 0 0.9383 0.076791 -0.086529 0.750538 6.06045 -4.30503 10.7709 -3
1 0 0.9383 -0.064694 0.174175 1.12425 1.67875 6.80781 12.3363 -1
1 0 0.9383 -0.073657 0.166969 0.979767 3.85115 5.78837 12.7883 -1
1 0 0.9383 0.060704 -0.120908 0.685973 2.89199 -2.50837 14.3863 -1
1 0 0.9383 0.032004 -0.034567 0.952583 5.66484 -1.52486 13.3918 -2
1 0 0.9383 0.061108 0.127729 0.674406 9.26551 -1.7873 9.10207 -3
1 0 0.9383 0.164747 0.025101 0.920192 5.87018 5.5097 12.0717 -1
1 0 0.9383 -0.045658 0.155011 0.835113 5.03715 0.135683 8.05036 -3
1 0 0.9383 -0.132113 0.028855 1.17628 4.95304 0.894878 11.7772 -1
1 0 0.9383 0.162996 -0.049184 1.11557 2.55923 1.34887 10.5311 4
1 0 0.9383 0.010233 0.057864 0.689046 5.39799 9.14781 11.53 5
1 1 0.9383 0.200262 0.256879 1.62044 5.1476 8.51896 14.363 -4
1 1 0.9383 -0.000951 -0.030295 0.99263 7.21065 -0.93805 17.1223 -1
1 1 0.9383 -0.053905 -0.029817 0.805383 4.86659 -2.54411 13.2919 -1
1 1 0.9383 0.012918 -0.057471 1.07773 5.48441 0.304043 9.22791 -1
1 1 0.9383 0.015259 0.053956 0.844838 1.18941 -2.6219 14.6341 -1
1 1 0.9383 0.20575 -0.091108 1.1221 6.27905 -6.11831 15.4528 -2
1 1 0.9383 -0.021625 -0.021634 0.697878 5.29471 0.993419 9.26253 -1
1 1 0.9383 0.196864 -0.053364 0.877806 3.98065 -4.49397 15.0624 -2
1 1 0.9383 -0.040388 0.079766 0.952931 9.13006 -0.780062 15.7339 -1
1 0 0.9383 -0.034089 -0.014233 1.11325 6.91332 0.969566 13.6647 -1
1 0 0.9383 0.000829 0.016414 0.768576 4.82493 4.50651 12.5814 -1
1 0 0.9383 0.049015 -0.213273 0.855722 7.16305 -4.40968 11.6761 -3
1 0 0.9383 -0.025795 0.047089 0.755349 2.00651 -3.89296 11.9734 -1
1 0 0.9383 -0.07735 -0.178163 1.04767 2.99144 -3.39294 8.83957 -2
1 0 0.9383 0.14509 0.144558 0.707896 4.69478 -0.145058 9.21653 -1
1 0 0.9383 -0.060646 0.023143 0.718317 7.65038 1.13185 15.0934 -1
1 0 0.9383 0.19177 0.103069 0.840085 4.03191 -3.9281 11.7485 -2
1 0 0.9383 0.201696 0.024683 0.77914 4.65123 -2.24695 8.81315 -5
1 1 0.9383 0.182164 -0.176357 0.99154 6.37609 -5.30161 9.60458 -2
1 0 0.9383 -0.133678 0.145907 0.982326 2.74282 -3.18351 12.4453 -1
1 0 0.9383 0.231996 -0.032 0.871567 4.50341 0.693235 13.6846 -1
1 0 0.9383 -0.072307 0.086486 0.798891 3.62101 -1.76189 13.5875 -1
1 0 0.9383 0.155332 0.035528 0.766744 7.71735 -0.546847 13.4689 -4
1 0 0.9383 0.026335 0.104015 0.689432 7.07205 4.88687 10.888 -1
1 0 0.9383 -0.056779 -0.040059 0.984158 4.8655 -1.29988 11.1062 -1
1 0 0.9383 0.128582 0.017256 0.83913 5.34883 3.31822 15.3847 -1
1 0 0.9383 0.131079 0.002719 0.91722 1.7909 -4.27845 10.5181 -2
1 0 0.9383 0.023654 -0.275632 1.04726 6.27115 -5.63404 10.6426 -2
1 1 0.9383 0.285328 0.02074 1.10166 6.25331 1.56027 12.647 4
1 0 0.9383 0.099149 -0.092167 0.935738 3.40002 -3.0499 11.3381 7
1 0 0.9383 0.215344 0.134106 1.03247 6.74008 5.27469 9.57822 3
1 0 0.9383 0.087585 -0.092706 1.08431 6.67433 0.277718 9.99996 8
1 1 0.9383 0.116291 0.003109 1.21096 5.16786 2.7084 15.0674 -2
1 1 0.9383 0.026112 0.082206 0.849492 7.79907 -5.15672 14.6737 -1
1 1 0.9383 0.0891 -0.13112 0.925375 10.2835 -3.75018 12.7343 -1
1 1 0.9383 0.101271 0.142418 1.08483 5.63156 -2.7673 16.5635 -1
1 1 0.9383 0.201252 0.149113 0.920489 8.63669 -5.14139 12.6424 -2
1 1 0.9383 -0.006919 0.051255 1.0455 8.96069 -1.62413 17.5682 -1
1 1 0.9383 0.017524 0.112471 0.70178 7.04675 4.59498 9.36734 -1
1 0 0.9383 0.220688 -0.094095 0.687779 10.6181 0.366371 9.53791 -2
1 1 0.9383 -0.080364 -0.106165 0.876187 5.17949 -4.22575 16.8851 -1
1 1 0.9383 0.056852 -0.123132 0.805097 4.81854 -1.49039 11.2622 -1
1 1 0.9383 0.200955 0.12365 1.07444 4.60327 8.9529 12.0331 -1
1 1 0.9383 0.173936 0.013751 0.881054 8.56312 -4.45859 15.419 -2
1 1 0.9383 -0.013685 -0.063349 1.09043 4.33086 -0.897388 11.6981 -2
1 0 0.9383 0.001569 -0.053783 0.81404 5.04396 -3.80081 13.7385 -1
1 0 0.9383 0.067954 -0.006886 0.82242 6.19777 -0.56088 14.1221 -1
1 0 0.9383 0.003425 -0.042044 0.982559 9.22421 -2.71777 15.8733 -1
1 0 0.9383 0.277049 -0.034964 0.860493 7.91925 -2.85935 14.0459 -1
1 0 0.9383 0.109674 0.140481 0.964255 8.31661 3.97966 13.0207 -1
1 0 0.9383 0.005596 -0.1097 0.981678 6.39814 -5.64654 12.2472 -1
1 0 0.9383 -0.001909 0.080517 0.909619 7.80412 -2.09145 13.6342 -1
1 0 0.9383 -0.050041 0.169219 0.774811 1.908 -1.54276 12.5841 -1
1 0 0.9383 -0.01549 -0.142681 1.05279 8.59701 -1.64139 17.394 -1
1 0 0.9383 0.01727 0.005534 0.926781 5.28486 -5.58117 12.5725 -1
1 0 0.9383 0.249922 0.056262 0.666695 8.53208 -3.39714 8.9733 -1
1 0 0.9383 0.160766 0.045897 0.736889 6.75327 4.30947 12.8435 -1
1 0 0.9383 0.066102 -0.00455 0.92136 6.43627 -4.8106 15.2452 -1
1 1 0.9383 -0.106368 0.110682 0.683786 1.94434 2.64967 10.7932 3
1 1 0.9383 0.105592 0.050592 0.698387 8.37869 -4.06145 12.0634 3
1 0 0.9383 0.14956 -0.099675 0.659442 9.65105 -4.92157 11.0354 2
1 1 0.9383 0.033965 0.042577 0.776109 6.29877 5.55512 11.9046 -1
1 1 0.9383 0.063142 0.043285 0.902589 6.78741 0.568083 10.5065 -1
1 1 0.9383 0.159672 -0.173111 0.931903 5.69656 -1.49543 10.8896 -4
1 1 0.9383 0.174946 0.077948 0.98108 5.13813 7.19334 13.6521 -1
1 1 0.9383 0.067985 -0.080398 0.840191 6.6096 1.9454 13.4998 -1
1 1 0.9383 0.049287 -0.057813 0.7564 5.08289 3.621 14.3921 -1
1 1 0.9383 0.381228 -0.013425 1.04049 8.43206 0.672737 13.3239 -4
1 1 0.9383 0.100604 -0.046133 1.00041 7.31582 -3.18267 11.7356 -2
1 0 0.9383 -0.06938 0.050706 1.03882 3.99923 -4.21611 13.0734 -1
1 0 0.9383 0.182396 0.082876 0.918813 3.55943 5.94167 15.7305 -1
1 0 0.9383 0.099753 0.086894 1.13387 1.459 -4.9845 15.1985 -1
1 0 0.9383 0.003903 0.026782 0.821773 6.40191 6.05255 12.8821 -1
1 0 0.9383 -0.081637 -0.014256 0.96771 5.22001 1.61853 10.2411 -4
1 0 0.9383 0.161424 0.053199 1.03967 8.2726 -5.0283 11.3822 -3
1 0 0.9383 -0.05992 0.099182 0.8982 6.99464 -2.00666 16.2175 -1
1 0 0.9383 0.162472 0.090115 0.764205 1.76517 -2.78556 12.4585 -1
1 0 0.9383 -0.035704 0.03996 0.67392 3.37983 7.07262 12.3371 -1
1 0 0.9383 -0.000767 0.151633 0.731689 7.4455 6.33405 15.2967 -1
1 0 0.9383 0.009068 0.064643 1.13021 5.07784 -1.18057 16.1174 -1
1 0 0.9383 0.050558 -0.181112 0.918459 1.13714 0.71294 7.21138 -5
1 0 0.9383 -0.004525 0.006767 1.20621 4.16207 -1.35847 14.3824 -1
1 0 0.9383 -0.022553 -0.144004 0.760068 2.98379 -4.04306 15.0717 -1
1 0 0.9383 0.110832 0.009497 1.00571 5.77006 -1.77596 13.1463 -1
1 0 0.9383 -0.020533 -0.033813 0.781482 6.55056 0.132173 9.90474 2
1 0 0.9383 0.215668 -0.15853 0.73517 12.2666 0.493206 9.21348 3
1 1 0.9383 0.069418 -0.033974 0.673108 4.87144 -0.837857 8.88538 -1
1 1 0.9383 -0.125732 0.004456 0.899603 2.59826 -5.60039 9.93782 -4
1 1 0.9383 -0.010746 -0.123695 0.984987 7.90458 -1.38937 12.6434 -1
1 1 0.9383 0.101662 -0.018476 0.800887 5.55712 -1.04793 12.4496 -1
1 1 0.9383 0.147909 0.094918 0.844359 9.12436 -3.22967 9.42719 -1
1 1 0.9383 0.155792 -0.012178 1.15846 7.33459 -5.07714 12.4423 -6
1 1 0.9383 0.069184 0.068087 1.00559 5.79708 -3.15781 13.7482 -1
1 1 0.9383 -0.032434 -0.108236 0.931703 4.30149 1.56828 10.4566 -1
1 1 0.9383 0.137875 -0.183913 0.972793 9.58863 -3.61674 12.1022 -6
1 1 0.9383 0.002111 0.061931 0.780465 6.39748 -1.53981 12.9404 -1
1 1 0.9383 -0.032099 -0.023091 0.727956 10.2502 -2.94693 11.6853 -3
1 1 0.9383 0.245821 -0.029683 0.862814 9.14791 -1.89948 12.1318 -2
1 1 0.9383 0.030887 0.059699 0.725757 6.57046 -4.65137 12.7548 -1
1 1 0.9383 -0.05309 0.016311 1.14616 7.40472 -0.063268 15.3044 -1
1 0 0.9383 -0.01206 -0.120348 1.01114 9.23532 -3.53939 15.9062 -2
1 0 0.9383 0.033201 -0.091757 0.647932 4.6871 -1.9861 9.29246 -1
1 0 0.9383 0.225752 0.017046 0.797551 6.74023 -4.54523 13.2345 -2
1 0 0.9383 0.056507 -0.077606 0.886247 8.68204 -1.45134 15.0302 -2
1 0 0.9383 0.023405 0.152891 1.00628 5.66981 0.80407 10.2709 -1
1 0 0.9383 -0.033811 -0.10757 0.855564 4.20486 2.69326 14.9356 -1
1 0 0.9383 0.099867 0.016531 0.766788 5.94146 5.76738 9.54137 -3
1 0 0.9383 0.2237 0.178854 0.841738 6.46391 3.97828 12.3425 -1
1 0 0.9383 0.177438 0.039386 0.784475 9.86222 -3.05511 15.1846 -3
1 0 0.9383 0.244853 -0.027695 0.699005 5.79649 -0.75314 11.179 -4
1 0 0.9383 0.311234 0.102525 0.826516 6.44864 -0.171308 12.9248 -4
1 0 0.9383 0.145957 -0.092253 0.75567 7.07458 0.360669 9.24487 -1
1 0 0.9383 0.080153 -0.116727 0.797399 4.60181 6.00492 14.3157 -4
1 0 0.9383 0.016711 -0.111092 1.00103 5.5728 3.07794 14.6338 -1
1 0 0.9383 -0.026458 -0.108551 0.995376 7.26696 -0.0908 14.7448 -1
1 0 0.9383 0.043243 -0.113627 0.688891 2.8736 -3.63871 14.8536 -1
1 0 0.9383 0.075965 -0.007314 0.791641 5.98212 3.84155 10.5042 5
1 0 0.9383 0.246763 0.104786 0.574134 5.5937 4.01885 10.4839 2
1 0 0.9383 0.134725 -0.114912 0.869438 7.48705 -4.48924 13.7097 6
1 0 0.9383 0.252698 -0.016889 0.746273 8.19552 -0.689462 10.1666 3
1 1 0.9383 0.073179 0.074854 0.718552 8.49361 -4.02153 10.7846 -1
1 1 0.9383 -0.058243 0.049426 0.869161 5.47896 1.40251 13.3607 -1
1 1 0.9383 0.215342 0.059612 0.853042 6.71032 -0.050544 13.5066 -1
1 1 0.9383 0.157044 -0.116458 0.978328 8.30505 -3.05694 13.576 -5
1 1 0.9383 0.003316 0.115677 0.997309 8.55033 3.27272 13.6485 -1
1 1 0.9383 0.117381 -0.101692 1.14657 7.9748 -2.11286 14.0424 -1
1 0 0.9383 0.2073 0.165633 0.910589 4.72039 -0.099031 13.8786 -2
1 0 0.9383 -0.004314 -0.040811 1.21589 7.0903 1.90045 13.464 -2
1 0 0.9383 0.127203 0.091123 0.692642 2.2797 1.30762 8.42552 -2
1 0 0.9383 0.13403 -0.029767 0.98344 7.53029 -0.164201 13.6617 -1
1 0 0.9383 0.072698 -0.154204 0.9502 7.6672 0.023254 17.9451 -1
1 0 0.9383 0.120509 0.155067 0.628016 6.87939 0.289565 12.2817 -1
1 0 0.9383 -0.097384 -0.033768 0.995904 4.06796 1.26042 15.5026 -1
1 0 0.9383 0.101717 0.104547 1.10428 5.19134 1.50334 10.4642 -3
1 0 0.9383 0.184372 -0.003213 1.04351 9.22407 -3.74155 11.978 -1
1 0 0.9383 0.085986 0.027231 0.902832 6.43536 -1.58685 8.22578 -2
1 0 0.9383 0.012256 0.140299 1.09148 6.41648 2.13386 12.3112 -3
1 1 0.9383 0.249066 -0.018198 0.903056 9.29726 -0.895661 9.48059 3
1 1 0.9383 -0.019666 0.03636 1.04253 7.37923 3.68079 10.7373 5
1 0 0.9383 0.06817 -0.098575 0.788093 9.36981 -0.394552 8.90673 5
1 1 0.9383 -0.006161 0.030364 0.887634 1.30612 -0.623988 9.07438 -1
1 1 0.9383 0.263507 -0.094951 0.906337 8.51052 -4.36316 8.483 -2
1 1 0.9383 -0.028603 -0.054659 0.739357 6.18324 0.436128 7.94965 -6
1 1 0.9383 0.148721 -0.024296 1.07513 9.77191 -0.306855 16.3775 -5
1 1 0.9383 0.287586 -0.245723 0.988295 9.76167 -1.04861 9.15802 -3
1 1 0.9383 0.086622 0.03187 0.916916 6.64667 -3.29115 10.1525 -1
1 1 0.9383 0.138657 0.124555 0.937652 8.17489 -3.76154 12.4373 -8
1 1 0.9383 0.107198 0.048286 1.00296 4.63844 4.13396 15.9104 -1
1 1 0.9383 0.114831 0.122663 0.92209 5.97388 4.30779 12.31 -1
1 1 0.9383 0.1955 0.089739 0.961928 7.15925 3.96378 11.0794 -1
1 1 0.9383 -0.014902 -0.04807 0.725938 5.4121 3.05811 14.7861 -1
1 1 0.9383 0.078214 -0.01126 0.744802 1.95223 -3.62136 13.6773 -1
1 0 0.9383 -0.140233 -0.065487 1.00462 4.73742 -1.45306 15.1581 -1
1 0 0.9383 0.009318 -0.003343 0.561735 4.21391 1.63711 8.92752 -2
1 0 0.9383 0.08544 0.10109 0.846443 4.60805 7.28986 12.8155 -1
1 0 0.9383 -0.043737 -0.157142 0.833282 5.20489 -1.1663 12.4776 -1
1 0 0.9383 -0.05234 0.113547 0.990018 4.87608 2.43161 13.5452 -1
1 0 0.9383 0.061136 -0.080214 0.836132 3.9673 -1.262 8.23971 -6
1 0 0.9383 0.096565 -0.071963 0.908437 8.99088 -1.34272 10.169 -1
1 0 0.9383 0.297178 -0.009632 0.791232 7.56552 -3.20576 8.9766 -1
1 0 0.9383 0.103112 0.169476 1.0245 8.78194 -2.76558 12.5839 -8
1 0 0.9383 0.081938 -0.036317 1.06549 5.65767 -2.79986 13.2377 -1
1 0 0.9383 -0.103874 -0.049013 0.913128 2.06989 -1.13028 12.4254 -1
1 0 0.9383 -0.017511 -0.032448 1.05093 7.52122 -5.28791 14.0999 -2
1 0 0.9383 -0.130828 0.051624 0.996852 2.36757 -3.53263 14.2398 -1
1 0 0.9383 0.12299 0.135141 0.937389 8.37926 -3.51805 14.3137 -2
1 1 0.9383 0.027915 -0.07148 0.78814 8.19066 2.66679 12.5122 5
1 0 0.9383 0.243505 0.024372 1.05653 6.62961 0.285249 15.7553 4
1 0 0.9383 0.175432 -0.139929 0.692963 7.20087 -6.53898 14.3169 5
1 1 0.9383 0.172551 -0.021034 1.14427 6.753 -1.85723 12.1802 -1
1 1 0.9383 -0.096917 0.065657 0.964895 4.00713 4.03295 12.7475 -1
1 1 0.9383 -0.104093 0.046384 0.86591 2.69028 0.556915 7.89072 -1
1 1 0.9383 0.186709 -0.150646 0.9006 9.25134 -4.42118 10.7186 -3
1 1 0.9383 0.079177 0.08123 1.22874 6.98205 6.88859 14.7972 -1
1 1 0.9383 -0.042812 0.108596 0.754489 7.31961 2.51739 13.763 -1
1 1 0.9383 0.105358 0.01877 0.888356 6.71362 -4.27139 14.1091 -1
1 1 0.9383 0.130985 -0.089944 0.636036 6.14073 -3.3301 11.0962 -1
1 1 0.9383 -0.011772 0.097048 0.973226 5.64934 -0.868029 12.3639 -4
1 1 0.9383 0.021492 0.038243 0.771774 7.31812 5.96818 12.7095 -4
1 0 0.9383 0.166311 -0.087499 0.875371 6.23589 0.103065 10.984 -7
1 0 0.9383 0.027588 0.197082 0.979803 4.91676 0.775371 14.7409 -1
1 0 0.9383 0.135661 -0.022035 1.0437 4.57629 -4.39261 13.888 -1
1 0 0.9383 -0.029882 -0.146528 0.792662 5.27177 -2.86637 16.0583 -1
1 0 0.9383 0.066847 -0.014654 0.73384 3.34279 2.61645 12.1622 -1
1 0 0.9383 0.059486 0.226971 0.980871 3.88453 5.4709 12.9107 -2
1 0 0.9383 0.078051 -0.09002 0.853994 12.2657 -0.823192 8.96137 -2
1 0 0.9383 0.101033 0.125873 0.932127 10.4672 -0.046901 16.3922 -1
1 0 0.9383 -0.038242 0.110166 0.720701 5.45988 6.18142 13.0355 -1
1 0 0.9383 -0.082463 -0.030543 1.0185 5.73423 1.10212 10.1782 -4
1 0 0.9383 0.235441 0.140693 0.889203 6.70827 5.35498 12.5293 -2
1 0 0.9383 0.014788 -0.063414 0.649407 7.58925 -1.64048 10.5622 -1
1 0 0.9383 0.072699 0.010904 0.848099 6.97412 -3.91841 8.71528 -4
1 0 0.9383 0.036385 0.045711 1.23122 3.53424 -1.74029 12.2771 -1
1 0 0.9383 0.006395 -0.028135 0.894084 3.88233 3.89302 11.8511 -6
1 0 0.9383 0.198779 0.026539 0.746942 5.31797 2.62233 10.3772 -4
1 0 0.9383 -0.000754 -0.079248 0.8954 5.92407 -4.90383 11.1626 -2
1 0 0.9383 0.203046 -0.009749 1.04598 6.92395 -6.28674 12.2384 -1
1 0 0.9383 -0.06082 0.110441 0.817075 4.86541 6.2718 14.8724 -1
1 0 0.9383 0.105335 -0.141754 1.26192 7.05085 -6.6287 14.6589 -2
1 0 0.9383 0.137914 0.052942 1.019 7.78194 -6.19506 15.2108 -3
1 1 0.9383 0.135498 0.303435 0.96453 6.21922 7.90388 11.9523 5
1 0 0.9383 0.000252 0.063568 0.517727 1.28739 1.32638 7.04291 3
1 1 0.9383 0.119497 0.037855 0.80443 3.06453 -2.83212 10.3298 -6
1 1 0.9383 -0.001019 0.067739 1.07809 6.02161 -0.967412 17.091 -1
1 1 0.9383 0.089704 0.133205 0.956736 5.21404 9.08138 10.9932 -3
1 1 0.9383 -0.010296 0.222477 0.858724 5.90958 6.37319 15.3339 -2
1 1 0.9383 0.067623 -0.065069 1.19287 6.30364 1.90303 15.2374 -1
1 1 0.9383 0.109002 -0.0213 0.636856 6.29399 -0.667797 9.11712 -4
1 1 0.9383 0.234612 -0.072243 1.09777 8.79255 -3.54233 11.7005 -4
1 1 0.9383 0.041802 0.074322 1.00739 5.87693 -2.12766 12.8948 -1
1 1 0.9383 0.207647 0.044342 1.07021 7.95107 2.71341 12.0063 -1
1 1 0.9383 0.006882 0.032614 0.733251 5.61624 7.31669 12.0197 -1
1 1 0.9383 0.014715 0.201393 0.920746 6.79766 6.16228 15.598 -1
1 1 0.9383 0.095246 0.020247 0.947003 6.63619 -1.49489 10.0886 -3
1 0 0.9383 0.253957 0.054944 1.00905 8.9654 3.06074 12.8964 -3
1 0 0.9383 -0.046836 0.004593 0.948853 4.35005 -0.971677 10.7277 -1
1 0 0.9383 0.011159 0.074312 0.740902 1.36007 -0.902186 8.77082 -5
1 0 0.9383 0.126647 -0.100977 0.812975 6.91299 1.30152 14.027 -1
1 0 0.9383 -0.109216 0.056098 1.02655 2.82331 -2.44273 10.1318 -1
1 0 0.9383 0.042232 -0.049526 1.18768 8.26311 1.39825 14.8452 -1
1 0 0.9383 0.220618 0.210173 0.795419 4.10629 6.56521 12.6571 -3
1 0 0.9383 0.051202 0.045968 0.668431 3.13844 -4.21123 10.3932 -1
1 0 0.9383 0.039545 0.119367 1.03622 6.70062 -1.00331 14.544 -1
1 0 0.9383 0.024917 0.100398 0.858416 6.21687 -0.12944 15.1139 -1
1 0 0.9383 0.019867 0.053908 0.97249 7.69016 4.92217 12.9399 -1
1 0 0.9383 0.116347 0.04272 0.87775 6.36603 4.9073 9.77339 -2
1 0 0.9383 0.120978 0.000569 0.711794 4.14592 -3.63397 11.1552 -2
1 0 0.9383 0.07271 -0.18908 1.05759 4.69585 -6.62294 12.988 -1
1 0 0.9383 -0.064005 -0.116655 0.915566 4.20811 0.87149 14.8005 -1
1 0 0.9383 0.106158 -0.175687 1.04231 1.24727 -3.52401 11.4725 -8
1 0 0.9383 -0.055688 0.095802 1.06557 7.42385 -0.344129 17.73 -1
1 0 0.9383 0.20833 0.152925 0.810077 5.19855 -0.368147 10.7905 -7
1 0 0.9383 0.220861 -0.034823 1.00361 8.96303 -5.51853 12.3567 -3
1 0 0.9383 -0.007742 0.060427 0.665671 7.34026 2.68625 13.9039 -1
