47 0.493598 0.442449
37 0.493602 0.420114
66 0.493602 0.473425
51 0.4936 0.528347
92 0.493602 0.494907
53 0.493599 0.519597
75 0.493601 0.421232
67 0.493602 0.524466
81 0.4936 0.484675
55 0.493602 0.468069
53 0.493598 0.438435
67 0.4936 0.518748
70 0.493594 0.467929
55 0.493598 0.530996
33 0.493594 0.519619
53 0.49359 0.523902
53 0.4936 0.425574
74 0.493592 0.450895
41 0.493598 0.480429
74 0.493605 0.528434
42 0.493599 0.483297
70 0.4936 0.49024
56 0.493629 0.526148
54 0.493596 0.505559
66 0.493602 0.474681
53 0.4936 0.560214
45 0.4936 0.615933
56 0.493601 0.486021
68 0.493598 0.54068
69 0.4936 0.452576
67 0.493601 0.488309
52 0.493599 0.462715
41 0.493601 0.463937
41 0.493598 0.387182
46 0.493602 0.472769
52 0.49356 0.589327
61 0.4936 0.503134
80 0.493602 0.514864
70 0.493602 0.471358
29 0.4936 0.387093
42 0.493603 0.480057
44 0.4936 0.509774
29 0.493597 0.466228
53 0.4936 0.496751
64 0.493602 0.497202
77 0.493601 0.40768
64 0.4936 0.489263
49 0.493596 0.517427
47 0.493594 0.481615
59 0.4936 0.538272
37 0.4936 0.466591
67 0.493601 0.451646
68 0.4936 0.484785
73 0.4936 0.499681
64 0.493599 0.565018
45 0.493601 0.392805
59 0.493604 0.452781
41 0.493612 0.434815
62 0.493599 0.439985
55 0.4936 0.413356
77 0.493598 0.468734
56 0.4936 0.512925
31 0.493581 0.477012
20 0.493601 0.41558
58 0.4936 0.350405
55 0.493601 0.389122
51 0.493598 0.4015
50 0.4936 0.483578
48 0.493587 0.481495
37 0.493601 0.453725
53 0.493595 0.387661
72 0.493594 0.45676
31 0.493599 0.503672
51 0.493604 0.5237
47 0.493601 0.388126
62 0.493601 0.575146
51 0.493604 0.562334
54 0.493598 0.494831
52 0.493603 0.447325
57 0.4936 0.478011
77 0.4936 0.478979
38 0.493599 0.475053
43 0.493589 0.449931
81 0.493599 0.467535
66 0.493598 0.393582
44 0.4936 0.424434
56 0.493601 0.462192
57 0.493592 0.431478
63 0.4936 0.427499
62 0.493604 0.513305
52 0.4936 0.535188
62 0.4936 0.523869
60 0.4936 0.475249
25 0.493598 0.482515
68 0.493601 0.498765
81 0.493599 0.473247
64 0.493603 0.55213
74 0.493604 0.49147
59 0.4936 0.512474
45 0.4936 0.485597
57 0.493599 0.506068
34 0.493603 0.405107
36 0.493602 0.412739
41 0.493603 0.507035
39 0.4936 0.460952
61 0.493602 0.462427
73 0.4936 0.445094
36 0.4936 0.45632
70 0.4936 0.557281
66 0.493601 0.509748
51 0.4936 0.459462
44 0.4936 0.501064
37 0.493597 0.416286
39 0.4936 0.379419
32 0.4936 0.488562
44 0.493595 0.51805
35 0.493597 0.496238
41 0.493601 0.399932
51 0.4936 0.438471
62 0.493602 0.429747
48 0.4936 0.50555
59 0.4936 0.428318
44 0.493599 0.50974
56 0.493603 0.465844
54 0.493603 0.445694
58 0.4936 0.491409
66 0.493599 0.535221
40 0.4936 0.435944
63 0.4936 0.477565
88 0.493599 0.416638
64 0.493603 0.40684
50 0.493595 0.471598
55 0.493579 0.49608
38 0.4936 0.476282
47 0.4936 0.357247
44 0.4936 0.512018
67 0.493601 0.485888
71 0.493603 0.507568
37 0.493601 0.471057
66 0.493597 0.453688
61 0.493601 0.446631
81 0.4936 0.495688
65 0.493607 0.429158
57 0.493596 0.459711
42 0.493602 0.514319
58 0.4936 0.525266
46 0.493603 0.462772
47 0.493602 0.563995
38 0.493601 0.499285
54 0.493603 0.414286
62 0.4936 0.504935
50 0.4936 0.424341
61 0.493602 0.525153
70 0.4936 0.424556
49 0.4936 0.433214
68 0.493598 0.421714
40 0.493605 0.539512
80 0.493596 0.453593
54 0.493601 0.461047
64 0.493601 0.407703
55 0.493604 0.449195
53 0.4936 0.515829
28 0.49362 0.4572
86 0.4936 0.544472
36 0.493598 0.445639
71 0.4936 0.450468
73 0.493599 0.420133
67 0.493601 0.457126
47 0.4936 0.495017
46 0.493598 0.518233
61 0.4936 0.53952
74 0.4936 0.493745
47 0.493596 0.482111
56 0.493613 0.449859
73 0.493599 0.507109
48 0.49359 0.41775
43 0.493601 0.594489
40 0.493603 0.582101
47 0.493604 0.493209
45 0.493605 0.463128
70 0.493598 0.524214
31 0.493599 0.537593
63 0.493599 0.378427
74 0.493598 0.471948
51 0.493601 0.451199
38 0.493595 0.559057
63 0.493597 0.449698
79 0.493599 0.491632
63 0.493605 0.5962
70 0.493604 0.455536
67 0.493603 0.429272
58 0.493601 0.541321
53 0.4936 0.391482
37 0.4936 0.464482
39 0.493599 0.463058
38 0.493602 0.601086
71 0.4936 0.508998
31 0.49361 0.401626
50 0.493604 0.520916
72 0.4936 0.506174
50 0.4936 0.500354
46 0.493603 0.475939
46 0.493597 0.394378
51 0.493612 0.513078
42 0.493603 0.475602
62 0.493597 0.546854
59 0.493602 0.515931
43 0.493604 0.484609
24 0.493601 0.508175
43 0.493603 0.518259
69 0.493595 0.504379
41 0.493605 0.479995
27 0.493601 0.456827
54 0.493602 0.368592
47 0.493601 0.512346
52 0.4936 0.438394
75 0.493599 0.489451
62 0.493597 0.470377
49 0.493601 0.514582
67 0.493599 0.47172
46 0.493601 0.462793
62 0.493597 0.436668
48 0.493601 0.452844
66 0.493599 0.538137
49 0.493598 0.485043
61 0.493599 0.461588
50 0.493599 0.507655
62 0.493593 0.448714
49 0.4936 0.561984
78 0.493601 0.46069
62 0.493597 0.468292
77 0.4936 0.465762
58 0.493606 0.504152
38 0.493607 0.557281
58 0.493599 0.518479
43 0.493599 0.495984
49 0.493601 0.485283
61 0.493605 0.495604
38 0.493611 0.476956
56 0.493601 0.440581
44 0.493593 0.395997
41 0.493599 0.589928
34 0.493599 0.367052
27 0.493598 0.400962
47 0.493596 0.426394
85 0.493602 0.489546
31 0.4936 0.431919
46 0.493599 0.422179
48 0.493634 0.405076
54 0.493601 0.474949
60 0.493604 0.455211
65 0.493604 0.524102
57 0.493602 0.422337
41 0.493601 0.490628
65 0.493601 0.5349
46 0.493601 0.468114
65 0.4936 0.45212
44 0.4936 0.542861
72 0.493596 0.484891
55 0.4936 0.382998
48 0.49359 0.419065
44 0.493601 0.425351
38 0.4936 0.441755
63 0.493602 0.463197
30 0.493598 0.456151
27 0.493591 0.48821
56 0.4936 0.491716
69 0.493601 0.489221
36 0.493598 0.415439
71 0.493592 0.454983
84 0.493599 0.469456
47 0.493603 0.473569
39 0.4936 0.348538
62 0.493593 0.424349
64 0.4936 0.464908
57 0.493601 0.465888
60 0.493601 0.510679
46 0.493603 0.540359
54 0.493602 0.415192
50 0.493586 0.464516
50 0.493598 0.446966
64 0.493599 0.500475
59 0.4936 0.436954
55 0.493601 0.543013
47 0.493596 0.485111
89 0.493599 0.500317
62 0.493598 0.470561
52 0.493594 0.532534
65 0.493609 0.523738
54 0.493582 0.483254
74 0.493598 0.498598
50 0.493603 0.589075
41 0.4936 0.395312
57 0.493601 0.436772
50 0.493599 0.490746
50 0.493601 0.484024
50 0.493595 0.453845
74 0.493597 0.58438
45 0.493597 0.483361
63 0.493598 0.463198
57 0.493599 0.516769
48 0.493599 0.383015
59 0.493599 0.487802
49 0.493597 0.546747
38 0.493601 0.53326
56 0.4936 0.405136
39 0.493603 0.458073
22 0.493601 0.367746
53 0.49362 0.510524
47 0.4936 0.425147
32 0.493595 0.367006
56 0.4936 0.461954
48 0.493602 0.540831
75 0.493601 0.552847
51 0.493598 0.455574
72 0.493604 0.447048
64 0.493592 0.561284
50 0.493602 0.563685
39 0.493602 0.415368
95 0.4936 0.487727
120 0.493601 0.490846
46 0.493585 0.488186
62 0.493599 0.431596
51 0.493598 0.484881
68 0.493622 0.464011
72 0.493594 0.566113
61 0.493601 0.473117
70 0.493597 0.462593
24 0.493604 0.488733
80 0.493602 0.550413
61 0.493599 0.486973
43 0.4936 0.438966
41 0.4936 0.533422
37 0.493604 0.484761
58 0.493596 0.46358
58 0.4936 0.500309
47 0.493599 0.515696
52 0.493602 0.478301
58 0.493598 0.480409
40 0.493605 0.48439
65 0.493594 0.474868
59 0.493591 0.457259
44 0.493602 0.517502
51 0.493598 0.428174
53 0.493597 0.465967
65 0.493602 0.484522
51 0.493598 0.526525
45 0.493605 0.438567
58 0.4936 0.489291
68 0.493605 0.457852
70 0.4936 0.431588
65 0.4936 0.422984
61 0.493601 0.493271
38 0.4936 0.480439
68 0.4936 0.499898
50 0.493602 0.509642
56 0.493605 0.499344
50 0.493593 0.407385
49 0.49362 0.49445
60 0.493603 0.466664
58 0.4936 0.495622
53 0.493599 0.555076
25 0.493599 0.499343
57 0.493594 0.496469
45 0.493594 0.486989
65 0.4936 0.404964
64 0.493603 0.490966
79 0.493601 0.432399
56 0.4936 0.444872
54 0.493602 0.466704
40 0.493598 0.455923
61 0.493603 0.446888
61 0.493601 0.519643
27 0.493601 0.498008
26 0.493598 0.397545
55 0.4936 0.464032
68 0.493597 0.461821
58 0.4936 0.421192
50 0.493595 0.445568
44 0.493601 0.438962
43 0.493593 0.492188
44 0.4936 0.503911
80 0.493601 0.445779
66 0.4936 0.539995
41 0.493601 0.509125
43 0.493603 0.472
58 0.493601 0.481012
49 0.493592 0.4482
53 0.4936 0.493463
46 0.493602 0.515665
36 0.493603 0.622328
54 0.4936 0.468027
42 0.493601 0.533764
44 0.493598 0.417954
39 0.493598 0.484456
38 0.493597 0.463453
67 0.493601 0.452476
31 0.493603 0.446499
45 0.493599 0.393997
62 0.493602 0.481261
66 0.4936 0.520722
42 0.4936 0.445691
48 0.493601 0.459523
85 0.493594 0.514387
66 0.493596 0.476407
68 0.4936 0.448742
98 0.493592 0.489315
53 0.493601 0.389484
48 0.4936 0.487116
59 0.493594 0.542081
45 0.4936 0.457473
59 0.493599 0.511633
62 0.493608 0.454634
56 0.4936 0.560297
60 0.493591 0.564821
72 0.493599 0.469329
48 0.493608 0.451649
47 0.493605 0.488924
63 0.493613 0.462712
73 0.493601 0.511064
55 0.493594 0.434722
40 0.493602 0.501815
59 0.493597 0.503627
23 0.4936 0.416566
45 0.4936 0.44531
41 0.493603 0.488192
68 0.493597 0.473242
28 0.4936 0.434668
73 0.493594 0.452849
60 0.493601 0.377988
42 0.493601 0.375088
43 0.4936 0.523532
44 0.493598 0.546302
45 0.493607 0.423475
38 0.493598 0.443907
60 0.493599 0.509583
54 0.493596 0.429305
53 0.493601 0.415375
52 0.4936 0.521456
58 0.493598 0.484099
36 0.493598 0.435755
48 0.493602 0.50583
50 0.493598 0.507861
59 0.4936 0.510674
57 0.493589 0.473161
67 0.493597 0.476357
42 0.493601 0.446512
56 0.493599 0.529995
29 0.493621 0.744473
45 0.493591 0.442033
56 0.493602 0.458014
66 0.493601 0.510251
39 0.4936 0.535169
51 0.493601 0.457997
43 0.493602 0.564501
47 0.493599 0.481188
60 0.493609 0.446595
42 0.4936 0.563679
52 0.4936 0.436934
61 0.493603 0.457229
58 0.493598 0.486799
44 0.4936 0.51547
57 0.493613 0.513867
66 0.493595 0.472162
56 0.493595 0.509452
53 0.4936 0.42868
56 0.493601 0.450442
95 0.493601 0.487868
67 0.493599 0.461561
75 0.493599 0.542075
63 0.4936 0.386144
59 0.4936 0.475467
59 0.493601 0.49212
42 0.4936 0.513422
48 0.493584 0.489349
33 0.493604 0.415707
43 0.493603 0.41688
46 0.4936 0.44181
50 0.493603 0.488421
55 0.493599 0.485823
41 0.493602 0.44856
62 0.493603 0.439816
45 0.493602 0.470266
51 0.493601 0.437218
50 0.493601 0.425249
58 0.4936 0.417836
71 0.4936 0.433002
54 0.493599 0.436549
60 0.493608 0.509831
56 0.493592 0.42973
53 0.4936 0.466877
61 0.493604 0.517191
47 0.493603 0.455386
55 0.493593 0.569126
57 0.493606 0.436313
45 0.493597 0.493306
84 0.493603 0.442916
99 0.493598 0.495348
58 0.493607 0.482269
74 0.493599 0.4444
65 0.493596 0.43315
61 0.493602 0.46037
62 0.493596 0.429695
63 0.493608 0.40287
30 0.493601 0.505631
61 0.4936 0.501021
57 0.493598 0.509706
49 0.493599 0.482693
47 0.493599 0.437274
62 0.493601 0.517451
39 0.493599 0.511699
77 0.493604 0.512188
40 0.493598 0.398186
83 0.4936 0.428365
55 0.4936 0.562149
48 0.493601 0.432942
52 0.493602 0.483582
46 0.493601 0.480149
44 0.4936 0.432364
52 0.493598 0.502159
57 0.493601 0.457006
32 0.4936 0.403269
43 0.493603 0.484304
38 0.493599 0.526514
42 0.493606 0.428584
52 0.493604 0.459473
46 0.493598 0.474654
43 0.493598 0.379127
48 0.493599 0.448334
42 0.493597 0.488164
42 0.493612 0.599949
48 0.493605 0.603204
62 0.493614 0.431405
47 0.493599 0.497572
50 0.493599 0.539658
56 0.493602 0.467055
57 0.4936 0.497839
64 0.493595 0.515426
66 0.493602 0.489683
58 0.4936 0.476895
30 0.493604 0.543476
73 0.4936 0.505954
44 0.493629 0.495913
73 0.4936 0.444998
70 0.4936 0.438254
83 0.4936 0.445355
48 0.493599 0.515048
38 0.493602 0.476102
60 0.4936 0.514897
48 0.493599 0.441504
61 0.493602 0.459278
71 0.4936 0.495766
69 0.493599 0.502701
49 0.493599 0.466751
53 0.493607 0.506059
36 0.493609 0.486034
32 0.493599 0.390538
43 0.493584 0.454349
37 0.493599 0.443635
69 0.4936 0.497004
46 0.493597 0.51265
39 0.493599 0.483767
39 0.493596 0.453392
48 0.493598 0.636955
63 0.493597 0.492713
77 0.493592 0.458661
59 0.493599 0.448664
50 0.493601 0.45696
54 0.493601 0.45582
35 0.493597 0.41033
60 0.493603 0.47333
69 0.4936 0.442855
83 0.493603 0.518013
56 0.493598 0.432563
55 0.4936 0.370423
49 0.493506 0.592362
57 0.493601 0.506398
61 0.493605 0.472931
68 0.4936 0.517256
71 0.493601 0.489097
66 0.493599 0.519378
65 0.493599 0.436191
43 0.493595 0.430279
54 0.493603 0.484934
63 0.493604 0.449836
46 0.493602 0.441399
76 0.493596 0.463103
61 0.493599 0.521485
57 0.493601 0.513785
51 0.493586 0.405884
65 0.493601 0.48051
59 0.493611 0.363126
52 0.493589 0.558458
56 0.493597 0.483887
26 0.493599 0.461547
51 0.493598 0.521358
48 0.4936 0.518619
39 0.493599 0.470259
65 0.4936 0.553041
65 0.493603 0.501243
55 0.493601 0.440504
48 0.493596 0.398954
61 0.493604 0.518203
86 0.4936 0.499272
42 0.493615 0.499983
44 0.493598 0.451203
34 0.493602 0.45221
50 0.4936 0.437237
52 0.493602 0.521246
54 0.493602 0.50414
52 0.493598 0.336741
57 0.493584 0.420035
47 0.493601 0.454535
61 0.493612 0.439717
31 0.493607 0.500567
57 0.493599 0.570976
78 0.493602 0.396387
43 0.493598 0.510025
53 0.493592 0.484067
59 0.493598 0.610892
62 0.493602 0.473748
42 0.493604 0.462934
50 0.493598 0.493643
55 0.493601 0.528026
55 0.493599 0.496065
67 0.4936 0.474175
58 0.493609 0.459534
37 0.493599 0.480375
53 0.493597 0.566922
64 0.493601 0.421789
40 0.493598 0.394348
46 0.4936 0.465476
44 0.493597 0.443321
58 0.493603 0.381443
61 0.493597 0.500147
64 0.4936 0.460036
53 0.493599 0.42728
62 0.4936 0.479476
47 0.4936 0.509749
34 0.4936 0.365512
34 0.493601 0.447794
52 0.493603 0.552227
60 0.493601 0.441285
73 0.493618 0.468736
47 0.4936 0.498091
80 0.493602 0.448122
53 0.493599 0.491303
37 0.493594 0.452534
67 0.493599 0.516655
65 0.493603 0.558985
45 0.493593 0.506184
55 0.493601 0.462891
70 0.4936 0.495323
56 0.493593 0.474976
64 0.493601 0.492864
36 0.4936 0.37166
95 0.4936 0.4916
62 0.493601 0.465287
69 0.493598 0.451795
30 0.49361 0.511597
32 0.493607 0.45104
40 0.493603 0.476423
81 0.493599 0.514876
48 0.493606 0.431841
59 0.493603 0.461046
44 0.493606 0.443963
37 0.493599 0.446977
32 0.493601 0.445439
55 0.493595 0.459229
68 0.493601 0.472889
40 0.493566 0.411348
91 0.493601 0.456875
40 0.493601 0.452416
71 0.493601 0.459239
48 0.4936 0.403312
56 0.4936 0.497317
74 0.493597 0.506797
47 0.493596 0.41071
53 0.493599 0.395562
48 0.493591 0.447658
45 0.493592 0.481681
46 0.493605 0.442201
61 0.493599 0.481521
47 0.493603 0.410099
41 0.493602 0.513338
44 0.493599 0.402366
37 0.493598 0.45635
38 0.4936 0.38447
39 0.493599 0.4641
53 0.493603 0.486618
67 0.493601 0.527881
67 0.4936 0.495009
88 0.493601 0.518759
62 0.4936 0.442231
49 0.493602 0.510153
43 0.493584 0.497086
64 0.4936 0.428535
62 0.493601 0.486016
59 0.493592 0.425664
35 0.493577 0.389633
28 0.493612 0.492003
46 0.493598 0.538068
45 0.493602 0.45546
37 0.493599 0.506622
55 0.4936 0.489142
47 0.493602 0.496753
64 0.493601 0.429239
42 0.49361 0.422053
74 0.493601 0.439468
35 0.493598 0.492006
41 0.493601 0.531962
36 0.493601 0.4785
34 0.493606 0.478871
65 0.493602 0.477204
38 0.493598 0.479692
47 0.4936 0.448439
76 0.493597 0.526039
35 0.493603 0.545321
41 0.493589 0.511849
74 0.493598 0.474861
62 0.493597 0.430087
57 0.493602 0.585603
56 0.493603 0.455085
76 0.4936 0.509746
51 0.493596 0.447497
48 0.4936 0.464188
53 0.4936 0.58078
60 0.493602 0.474518
49 0.493604 0.43664
36 0.4936 0.413659
46 0.493599 0.449326
60 0.493595 0.460987
44 0.4936 0.553632
79 0.493602 0.555184
67 0.4936 0.483864
82 0.493602 0.512437
61 0.493605 0.471404
72 0.493592 0.455881
52 0.493601 0.496404
48 0.4936 0.500151
53 0.49359 0.44499
36 0.493598 0.53568
48 0.493601 0.469763
72 0.493599 0.472074
44 0.493605 0.411558
82 0.493596 0.476395
44 0.4936 0.434269
54 0.493601 0.503941
62 0.493601 0.450344
62 0.493595 0.396805
63 0.493602 0.494994
57 0.493601 0.514353
47 0.493598 0.448435
60 0.493612 0.456689
57 0.493605 0.453831
50 0.493599 0.485912
68 0.493601 0.493886
61 0.493603 0.531311
36 0.493597 0.504611
51 0.493593 0.445908
66 0.493597 0.498798
59 0.493565 0.467259
66 0.493601 0.47141
79 0.493595 0.460431
74 0.493602 0.494141
69 0.493603 0.447346
67 0.493602 0.462445
57 0.493601 0.457616
49 0.493598 0.384487
72 0.493598 0.461488
38 0.4936 0.542365
67 0.493601 0.440111
55 0.493621 0.412496
58 0.493601 0.542416
63 0.493598 0.472806
47 0.493604 0.525697
56 0.493577 0.497412
81 0.49359 0.489066
73 0.493598 0.46868
42 0.493603 0.409309
49 0.493602 0.383054
52 0.493597 0.529268
70 0.493607 0.505634
52 0.493602 0.45602
46 0.493593 0.506927
75 0.4936 0.431249
54 0.493606 0.51094
69 0.493599 0.489661
55 0.493599 0.525123
50 0.493597 0.455696
87 0.4936 0.49843
39 0.493599 0.446788
55 0.493596 0.547142
74 0.4936 0.482508
52 0.493597 0.485915
50 0.493598 0.485548
59 0.493601 0.484509
62 0.493603 0.449304
45 0.493601 0.387127
63 0.493595 0.469408
44 0.4936 0.439191
45 0.493598 0.384405
65 0.493606 0.480279
50 0.493601 0.436491
65 0.493594 0.48339
47 0.493601 0.438531
42 0.493599 0.470798
44 0.4936 0.416204
62 0.493601 0.587768
58 0.4936 0.418302
71 0.493599 0.495065
37 0.493605 0.517015
76 0.493589 0.508156
60 0.493599 0.567956
41 0.493594 0.437206
42 0.493612 0.502344
60 0.493598 0.460828
54 0.493594 0.437231
74 0.493603 0.513015
52 0.493599 0.437652
44 0.493602 0.508985
57 0.4936 0.479468
52 0.493601 0.458433
57 0.493604 0.477743
52 0.493617 0.490619
68 0.493603 0.478127
49 0.493597 0.433759
60 0.493598 0.482582
41 0.493601 0.456991
43 0.493602 0.431721
60 0.493597 0.51043
62 0.493599 0.523691
38 0.493602 0.548203
45 0.493596 0.442685
45 0.493604 0.494355
54 0.493604 0.441687
37 0.493598 0.424688
57 0.493596 0.479574
34 0.493602 0.445678
55 0.4936 0.53617
52 0.4936 0.5176
90 0.4936 0.439912
54 0.493601 0.474164
55 0.493602 0.426785
77 0.493599 0.481682
41 0.493603 0.478563
67 0.493597 0.426263
56 0.493597 0.487588
67 0.493599 0.44837
31 0.493602 0.43678
60 0.493604 0.560579
58 0.493602 0.473274
60 0.4936 0.481999
46 0.493602 0.558476
50 0.493599 0.536909
70 0.493598 0.538933
54 0.4936 0.45379
64 0.4936 0.461359
75 0.493604 0.424196
51 0.4936 0.461823
47 0.493593 0.51206
74 0.493596 0.484253
74 0.493611 0.48499
43 0.493601 0.471275
62 0.4936 0.453893
45 0.493602 0.521994
64 0.493596 0.503867
68 0.493599 0.444765
57 0.493599 0.496964
54 0.4936 0.37747
56 0.493604 0.530641
34 0.493603 0.441039
38 0.4936 0.443465
40 0.493597 0.604549
51 0.493594 0.500913
76 0.493599 0.477093
56 0.493606 0.536138
58 0.493599 0.431322
48 0.493597 0.424767
79 0.493601 0.45467
40 0.493589 0.458865
72 0.493598 0.412752
56 0.493597 0.40734
38 0.493601 0.46597
41 0.493602 0.521517
31 0.4936 0.458817
52 0.493606 0.533733
56 0.493596 0.442068
48 0.4936 0.485272
59 0.493596 0.579498
62 0.4936 0.435464
30 0.493598 0.488221
37 0.493604 0.498465
54 0.493599 0.401671
69 0.493599 0.407466
57 0.493598 0.469942
48 0.493608 0.431838
50 0.493598 0.420815
50 0.4936 0.441233
45 0.493599 0.553861
42 0.493604 0.484884
58 0.493602 0.499533
73 0.493598 0.455125
69 0.493601 0.407889
61 0.493599 0.517861
58 0.493599 0.461991
57 0.493606 0.421757
56 0.4936 0.453647
85 0.4936 0.474829
35 0.493602 0.410363
38 0.493599 0.522682
48 0.493599 0.453613
59 0.4936 0.498088
65 0.493602 0.44494
46 0.493596 0.469085
41 0.4936 0.360815
43 0.4936 0.479945
72 0.493597 0.439038
85 0.493601 0.465114
68 0.493599 0.47884
64 0.4936 0.462616
53 0.493602 0.482258
57 0.493596 0.470964
51 0.493605 0.509154
43 0.493597 0.448108
76 0.493601 0.479678
49 0.493598 0.560666
61 0.493626 0.468813
52 0.493604 0.492972
50 0.493607 0.430538
49 0.493597 0.443352
56 0.4936 0.433514
64 0.493613 0.487568
53 0.493599 0.402718
55 0.493614 0.459959
59 0.4936 0.443355
51 0.4936 0.48392
42 0.493593 0.475406
51 0.4936 0.496576
40 0.493601 0.543857
48 0.493597 0.540203
60 0.493601 0.467786
51 0.493602 0.435577
46 0.493601 0.516434
65 0.493598 0.538761
35 0.493598 0.441074
56 0.493599 0.578574
41 0.493599 0.438179
60 0.49361 0.493021
45 0.493597 0.563297
76 0.4936 0.432906
82 0.493599 0.447972
68 0.493607 0.485464
53 0.493599 0.51132
55 0.493598 0.487677
45 0.493604 0.441883
65 0.4936 0.423065
37 0.493598 0.452489
75 0.493601 0.59835
35 0.493605 0.412829
52 0.4936 0.501769
81 0.493596 0.456733
48 0.493599 0.478919
63 0.493599 0.483073
62 0.493602 0.506155
66 0.4936 0.503728
35 0.493603 0.470952
67 0.493601 0.579759
52 0.493607 0.581432
62 0.493597 0.474273
60 0.493596 0.446233
55 0.493602 0.508984
73 0.493599 0.435303
48 0.493604 0.471538
43 0.4936 0.478909
58 0.493598 0.461569
42 0.4936 0.453697
32 0.493605 0.416912
45 0.4936 0.436834
40 0.493595 0.437206
48 0.493597 0.418956
41 0.493605 0.413342
28 0.493602 0.36349
65 0.493598 0.469344
44 0.493601 0.37311
57 0.4936 0.460805
55 0.493598 0.560632
49 0.493602 0.488146
59 0.493595 0.40995
57 0.493601 0.447842
62 0.493601 0.464262
46 0.493594 0.454002
35 0.493591 0.421836
45 0.493589 0.382154
30 0.493588 0.548264
31 0.493601 0.483207
49 0.493588 0.421665
76 0.4936 0.496007
41 0.493588 0.46892
60 0.4936 0.472929
