252 0.939847 0.122233
253 0.93985 0.126915
249 0.939823 0.1775
266 0.939809 0.168296
264 0.939794 0.228545
249 0.939843 0.143513
260 0.939784 0.186706
249 0.939835 0.117245
273 0.939796 0.217679
252 0.939826 0.139912
266 0.939769 0.223868
233 0.939818 0.130048
247 0.939818 0.195926
253 0.939813 0.15504
255 0.939826 0.146164
252 0.939824 0.163453
241 0.939821 0.154914
257 0.939808 0.174592
252 0.939842 0.157756
257 0.939804 0.194521
252 0.94019 0.11967
239 0.939811 0.200072
256 0.939835 0.173334
256 0.9398 0.196373
253 0.939827 0.172292
238 0.939854 0.12926
240 0.939854 0.130441
255 0.939819 0.163331
261 0.93981 0.185546
262 0.939798 0.235787
258 0.939814 0.188352
247 0.93985 0.158287
241 0.939842 0.137732
242 0.939814 0.146974
246 0.939847 0.136709
255 0.939834 0.118147
248 0.939826 0.166042
256 0.939809 0.188893
244 0.939788 0.207548
246 0.939833 0.130475
251 0.939847 0.116364
241 0.939825 0.149599
243 0.939875 0.088628
253 0.939832 0.166965
250 0.939801 0.217472
263 0.939815 0.200814
267 0.939795 0.178408
253 0.93981 0.176418
253 0.939823 0.175202
248 0.939822 0.181331
243 0.939865 0.117344
264 0.9398 0.193334
238 0.939819 0.170867
243 0.939808 0.181827
258 0.939821 0.153144
257 0.939813 0.174865
259 0.939809 0.173411
241 0.93986 0.124427
252 0.939828 0.181352
242 0.939833 0.163382
281 0.939766 0.209719
254 0.939801 0.211699
241 0.939838 0.123255
236 0.939856 0.0965552
257 0.939808 0.173513
251 0.939827 0.149136
254 0.939816 0.128999
256 0.939827 0.144547
260 0.940532 0.198558
248 0.939858 0.123031
252 0.939826 0.164416
246 0.93979 0.236599
245 0.939855 0.12072
257 0.93983 0.169307
244 0.939852 0.127685
250 0.939824 0.16076
248 0.939849 0.15828
236 0.939865 0.0851417
266 0.93982 0.186665
262 0.939808 0.187749
248 0.939794 0.204317
244 0.939863 0.108914
258 0.93981 0.154691
247 0.939804 0.225803
262 0.939805 0.209198
240 0.939842 0.129552
259 0.939812 0.174262
267 0.939807 0.200306
271 0.939786 0.248588
255 0.939821 0.173495
247 0.93982 0.148876
255 0.939805 0.210001
259 0.939806 0.199365
240 0.939857 0.120489
253 0.939821 0.171552
257 0.939789 0.218264
268 0.939817 0.161602
262 0.939809 0.248963
249 0.93983 0.15975
258 0.939811 0.158735
245 0.939824 0.172036
239 0.939869 0.0947202
252 0.939838 0.125494
242 0.939853 0.126682
247 0.939815 0.141856
249 0.93982 0.158298
251 0.939798 0.208694
253 0.939831 0.136266
262 0.939765 0.244256
252 0.941613 0.174563
254 0.939829 0.177529
261 0.939829 0.158303
250 0.939868 0.10364
258 0.939852 0.156213
243 0.939831 0.111056
250 0.939816 0.180402
253 0.939844 0.148932
259 0.93981 0.195433
268 0.939815 0.193618
269 0.939824 0.167522
240 0.939839 0.145556
252 0.939834 0.16022
257 0.93982 0.161115
251 0.939814 0.18662
235 0.939815 0.144694
262 0.939823 0.195281
261 0.939813 0.17525
253 0.939821 0.185036
252 0.939826 0.174874
256 0.939796 0.224975
247 0.939834 0.144261
249 0.93982 0.167119
248 0.939822 0.14718
258 0.939831 0.145069
240 0.93981 0.171357
265 0.939816 0.148294
261 0.939774 0.225825
263 0.939808 0.182993
266 0.939842 0.130648
249 0.939808 0.190463
258 0.939815 0.177475
267 0.939771 0.244116
232 0.939832 0.177736
248 0.939841 0.162597
255 0.939818 0.151822
258 0.939816 0.158475
258 0.939815 0.176785
250 0.939834 0.151796
236 0.939832 0.149082
250 0.939819 0.145888
274 0.939774 0.258352
251 0.940389 0.152004
266 0.939822 0.20688
266 0.939819 0.168633
242 0.939822 0.157689
261 0.939803 0.202982
244 0.939839 0.130626
259 0.939792 0.246717
243 0.939819 0.151439
256 0.939823 0.166285
261 0.939833 0.193131
245 0.939841 0.118717
249 0.939857 0.116243
256 0.939797 0.221022
244 0.939846 0.116322
255 0.939785 0.211263
259 0.939785 0.17847
256 0.939824 0.181887
251 0.939841 0.142319
258 0.939828 0.168167
258 0.939827 0.178281
272 0.9398 0.21408
251 0.939852 0.136306
259 0.939808 0.167102
271 0.939804 0.23643
263 0.939809 0.151321
260 0.939842 0.11278
253 0.93983 0.170936
240 0.939851 0.122717
239 0.93983 0.132111
255 0.939825 0.187647
249 0.939839 0.122848
259 0.93982 0.181133
240 0.939794 0.163162
256 0.939814 0.176919
243 0.939849 0.128335
250 0.939821 0.174223
248 0.939821 0.169017
261 0.939799 0.172363
255 0.939815 0.176851
261 0.93981 0.177109
254 0.939823 0.178077
247 0.939838 0.136868
250 0.939827 0.149721
260 0.939813 0.176666
236 0.93986 0.101102
254 0.939811 0.212349
252 0.939854 0.127887
243 0.939836 0.163791
256 0.939799 0.175334
246 0.939814 0.158532
245 0.939859 0.109318
260 0.939933 0.178329
259 0.939808 0.182991
250 0.939835 0.120628
251 0.939792 0.205889
256 0.939809 0.16207
250 0.939812 0.167912
255 0.939855 0.0996977
253 0.939834 0.134242
261 0.940876 0.188471
252 0.939839 0.139388
244 0.939845 0.134206
249 0.939814 0.184866
265 0.939817 0.174974
252 0.939828 0.18535
253 0.93978 0.190228
254 0.939819 0.159673
246 0.93983 0.158108
246 0.939826 0.179451
233 0.939839 0.133909
250 0.939832 0.165763
257 0.939822 0.149475
267 0.939801 0.210349
247 0.939821 0.182768
251 0.939822 0.204133
254 0.941339 0.161571
250 0.939819 0.136804
263 0.939838 0.174734
256 0.939825 0.188814
260 0.939824 0.192442
250 0.9398 0.202817
238 0.93983 0.146888
253 0.939836 0.148191
258 0.939807 0.191629
248 0.939846 0.128064
264 0.939842 0.152282
253 0.939809 0.204575
247 0.939832 0.123409
250 0.939821 0.171476
254 0.939829 0.134494
246 0.939855 0.107615
256 0.939831 0.13764
243 0.939839 0.126992
258 0.939818 0.186762
261 0.939814 0.2405
251 0.939847 0.138762
258 0.939843 0.132111
253 0.939823 0.15876
268 0.93981 0.200783
247 0.939817 0.176921
260 0.939811 0.177046
254 0.939837 0.13806
253 0.939818 0.20856
264 0.939786 0.205934
245 0.939834 0.136622
253 0.939817 0.184681
249 0.93984 0.143353
244 0.939817 0.172733
250 0.939839 0.137895
243 0.939806 0.174126
257 0.939836 0.115785
246 0.939857 0.113867
260 0.939807 0.21185
255 0.939829 0.143862
246 0.939876 0.0968368
251 0.939823 0.155443
279 0.939817 0.195041
261 0.939822 0.16185
263 0.940266 0.185446
239 0.939801 0.205357
246 0.939845 0.146315
264 0.939812 0.196031
250 0.939808 0.169637
245 0.939834 0.14202
251 0.941654 0.183776
253 0.939808 0.188523
259 0.939841 0.135396
246 0.939837 0.164946
250 0.939846 0.126823
256 0.939818 0.149261
256 0.939829 0.153131
256 0.939846 0.146762
249 0.939823 0.205188
250 0.939837 0.14498
267 0.939786 0.221137
245 0.939833 0.171997
257 0.939834 0.156637
264 0.939792 0.20664
260 0.939843 0.136444
257 0.939822 0.191309
254 0.939827 0.155175
256 0.939822 0.177712
246 0.93984 0.139577
251 0.939837 0.186008
246 0.939803 0.159549
250 0.939804 0.176651
271 0.939996 0.183522
254 0.93982 0.160599
266 0.939801 0.234511
244 0.939832 0.133873
259 0.93982 0.180001
249 0.939974 0.141549
244 0.939848 0.126848
246 0.939868 0.120534
260 0.939832 0.136105
250 0.939833 0.133719
247 0.939856 0.120964
248 0.939833 0.151979
250 0.939816 0.172718
264 0.939819 0.142669
251 0.939843 0.199407
245 0.939835 0.129071
254 0.939782 0.216887
263 0.939807 0.183355
263 0.939801 0.192929
246 0.939834 0.143383
259 0.939809 0.162094
239 0.939845 0.129114
285 0.93977 0.264739
261 0.939772 0.344097
241 0.939829 0.151542
246 0.939825 0.143482
253 0.939831 0.14926
252 0.939807 0.174813
260 0.939799 0.21075
249 0.939835 0.144281
271 0.939793 0.208665
239 0.939861 0.0995768
268 0.939778 0.220447
260 0.939821 0.195664
260 0.939822 0.175779
255 0.939831 0.138351
248 0.939851 0.118432
254 0.939808 0.218559
251 0.93982 0.158104
262 0.93981 0.168282
250 0.939827 0.188643
259 0.939838 0.163855
248 0.939846 0.118798
270 0.939808 0.198263
256 0.939835 0.158325
264 0.939846 0.133719
266 0.939822 0.176021
251 0.939839 0.119824
254 0.939823 0.151564
259 0.939831 0.169331
247 0.939796 0.174504
260 0.939825 0.200068
237 0.939832 0.163591
254 0.939803 0.185012
266 0.93982 0.175992
256 0.939804 0.176701
261 0.939823 0.173849
261 0.939799 0.216156
244 0.939855 0.107628
247 0.939824 0.159122
244 0.93983 0.136342
246 0.939831 0.151579
244 0.939816 0.194885
274 0.939809 0.158517
243 0.939818 0.164041
242 0.939871 0.0825989
269 0.939819 0.198734
252 0.939829 0.152835
257 0.939816 0.192324
258 0.939807 0.169264
248 0.939811 0.193917
258 0.939798 0.170051
251 0.939821 0.18108
237 0.939842 0.106208
254 0.939834 0.177005
262 0.940822 0.161485
248 0.939857 0.0889313
244 0.939858 0.109887
273 0.939806 0.200598
259 0.939783 0.237876
258 0.939834 0.142521
257 0.939829 0.143711
256 0.939821 0.173381
254 0.939855 0.104161
253 0.939847 0.137466
258 0.939818 0.180526
252 0.939784 0.221333
260 0.939846 0.148134
245 0.939843 0.108806
256 0.939816 0.189223
259 0.939811 0.161701
249 0.939826 0.141128
245 0.939852 0.132021
243 0.939859 0.113738
250 0.939837 0.148796
250 0.939827 0.149106
255 0.939839 0.136821
264 0.939815 0.166964
238 0.939842 0.12627
261 0.939812 0.188799
252 0.939846 0.123047
244 0.939844 0.120698
248 0.939841 0.149282
277 0.939803 0.191844
254 0.939828 0.153408
265 0.939818 0.160818
272 0.93979 0.210613
266 0.93981 0.180547
261 0.939806 0.178566
264 0.939795 0.23829
250 0.939817 0.18306
255 0.939823 0.194786
247 0.939827 0.167336
236 0.939827 0.127038
252 0.939802 0.180427
266 0.939806 0.206174
255 0.939819 0.173161
247 0.939833 0.157329
269 0.939808 0.225689
249 0.93982 0.148956
252 0.93984 0.141988
254 0.939823 0.16369
269 0.939796 0.210819
249 0.939832 0.173872
250 0.939843 0.129433
245 0.939839 0.157339
244 0.939856 0.111587
258 0.939835 0.155844
255 0.939847 0.101142
236 0.939834 0.129156
252 0.939843 0.15009
260 0.939786 0.243188
250 0.939847 0.146495
233 0.939855 0.130742
244 0.939857 0.128103
252 0.939826 0.146788
252 0.939817 0.184787
257 0.939847 0.127754
251 0.939801 0.182616
262 0.939839 0.174445
245 0.939839 0.134
258 0.939845 0.191648
250 0.939829 0.113947
245 0.939838 0.124503
256 0.939829 0.135945
240 0.939858 0.116031
251 0.939822 0.155283
256 0.939795 0.174716
259 0.939815 0.162321
244 0.939848 0.104403
266 0.939825 0.162677
255 0.939847 0.115585
252 0.939808 0.1808
261 0.939808 0.194291
256 0.939829 0.160553
257 0.939835 0.160357
247 0.939817 0.165892
261 0.939807 0.144003
259 0.939822 0.154563
263 0.939799 0.185365
261 0.939821 0.169164
244 0.939829 0.164946
252 0.939811 0.196715
247 0.940198 0.12487
260 0.939851 0.122959
261 0.939795 0.253606
265 0.939799 0.199078
250 0.939825 0.178546
245 0.939824 0.155119
245 0.93983 0.175167
259 0.939789 0.218533
260 0.939803 0.191586
263 0.939813 0.184504
246 0.939823 0.145408
258 0.939825 0.176836
285 0.939795 0.194834
244 0.939815 0.169396
241 0.939815 0.167845
250 0.93986 0.109024
250 0.939835 0.167407
248 0.939838 0.12351
257 0.939816 0.153696
262 0.939814 0.186622
245 0.939821 0.17858
247 0.939817 0.177282
249 0.939851 0.118157
264 0.939809 0.184703
252 0.939842 0.129071
252 0.939783 0.217554
255 0.939801 0.192171
262 0.939482 0.192765
251 0.939811 0.167554
254 0.939805 0.184271
245 0.939821 0.165127
263 0.939823 0.1629
262 0.939816 0.154749
258 0.93982 0.176627
252 0.939819 0.160048
259 0.939822 0.180697
249 0.939807 0.251895
261 0.939789 0.198303
261 0.9398 0.172601
264 0.939817 0.196617
263 0.939808 0.181064
276 0.939787 0.203841
272 0.939791 0.242478
264 0.939811 0.17252
236 0.939861 0.111303
270 0.939816 0.227428
251 0.939816 0.163491
253 0.939825 0.191611
256 0.939816 0.211776
258 0.939828 0.167216
247 0.939842 0.132989
266 0.939812 0.177503
254 0.939829 0.166245
255 0.939787 0.194739
251 0.939836 0.149731
235 0.939832 0.183913
262 0.939804 0.171425
255 0.93984 0.142976
259 0.939824 0.168266
248 0.939826 0.156582
253 0.940549 0.159646
244 0.93984 0.147411
260 0.939827 0.132222
254 0.939821 0.155887
246 0.939843 0.138499
256 0.939829 0.189401
254 0.939842 0.149238
241 0.939841 0.139933
255 0.939841 0.156268
253 0.939838 0.149151
254 0.939843 0.148795
252 0.939819 0.161429
251 0.93982 0.175007
257 0.939804 0.153831
256 0.93984 0.12614
251 0.939838 0.177675
248 0.93984 0.177917
248 0.939827 0.162956
275 0.939808 0.208639
268 0.939816 0.197541
235 0.939876 0.0755655
248 0.939829 0.17664
250 0.939824 0.146336
273 0.939794 0.216459
241 0.939827 0.177842
243 0.939802 0.21568
246 0.939857 0.125947
241 0.939848 0.120921
255 0.939804 0.201047
261 0.939829 0.172175
239 0.939836 0.148404
250 0.939819 0.216914
251 0.939821 0.180337
248 0.93983 0.174175
239 0.939827 0.153429
244 0.939851 0.12757
230 0.939859 0.131059
248 0.939818 0.150856
246 0.939842 0.134247
263 0.9398 0.211985
253 0.939829 0.132494
250 0.939845 0.152254
253 0.940105 0.145173
252 0.939831 0.119399
261 0.93978 0.222713
242 0.939827 0.170484
263 0.939786 0.186798
252 0.939803 0.187407
240 0.939846 0.114082
253 0.93985 0.143976
247 0.939813 0.190072
261 0.939809 0.231228
250 0.939805 0.229519
240 0.939832 0.157322
250 0.939809 0.164421
248 0.939827 0.166124
267 0.939809 0.167132
253 0.939811 0.20479
252 0.939808 0.205085
261 0.9398 0.208577
251 0.939824 0.195789
263 0.939796 0.216288
255 0.939831 0.141183
259 0.939805 0.184418
269 0.939803 0.196347
259 0.939827 0.149705
267 0.939787 0.200313
247 0.939848 0.137566
254 0.939825 0.172918
253 0.939835 0.181315
251 0.939826 0.164293
249 0.940466 0.170309
257 0.939809 0.170518
245 0.939828 0.182463
240 0.939849 0.103977
243 0.939848 0.117706
244 0.939838 0.125947
257 0.939838 0.162787
253 0.939841 0.163225
257 0.939812 0.211218
257 0.939807 0.204497
242 0.939835 0.13126
251 0.939831 0.150935
261 0.939806 0.219049
245 0.939835 0.116111
251 0.939833 0.143813
243 0.939819 0.164913
257 0.939834 0.173094
266 0.93983 0.172517
250 0.939807 0.149407
251 0.939821 0.16063
249 0.940149 0.125229
264 0.939838 0.153402
263 0.939802 0.227087
239 0.939851 0.0907873
263 0.939801 0.199691
259 0.939801 0.174874
240 0.939843 0.12227
254 0.939832 0.170145
266 0.939828 0.17206
252 0.939829 0.146882
261 0.939841 0.119203
255 0.939835 0.12824
247 0.939818 0.178618
256 0.939838 0.134534
254 0.939823 0.166554
255 0.939809 0.171841
251 0.939833 0.157414
253 0.939827 0.163493
245 0.939827 0.151991
255 0.939839 0.108192
256 0.939821 0.146249
242 0.939849 0.137572
242 0.939836 0.152607
245 0.939851 0.148473
244 0.93983 0.140708
263 0.939797 0.230486
256 0.939818 0.180833
255 0.939825 0.177149
249 0.939826 0.13908
240 0.939851 0.0984985
268 0.939816 0.207268
258 0.939812 0.188792
260 0.93981 0.21031
254 0.939826 0.152166
266 0.939805 0.212282
257 0.939835 0.154092
251 0.939832 0.159349
258 0.939834 0.178911
258 0.939801 0.210448
265 0.939828 0.126705
268 0.939776 0.220041
251 0.939827 0.158535
261 0.939817 0.197377
255 0.939825 0.171767
239 0.939841 0.133886
263 0.939789 0.284142
256 0.939819 0.203575
246 0.939828 0.200306
245 0.939839 0.10998
245 0.939861 0.109955
241 0.93986 0.112471
266 0.9398 0.228015
244 0.939834 0.120847
249 0.939817 0.199483
250 0.939828 0.123771
255 0.939826 0.167814
245 0.939851 0.129594
243 0.939839 0.182257
274 0.939791 0.291517
232 0.939863 0.0834696
263 0.939794 0.2253
260 0.939821 0.15901
260 0.939783 0.214372
243 0.939826 0.143532
261 0.939811 0.181499
264 0.939788 0.206495
238 0.939852 0.124728
246 0.939835 0.115967
248 0.939838 0.151395
256 0.939826 0.138812
243 0.939848 0.0993835
256 0.939841 0.119682
258 0.939809 0.178601
259 0.93981 0.158247
243 0.939851 0.0996199
239 0.939862 0.0992003
256 0.939833 0.185168
251 0.939835 0.145989
250 0.939842 0.169566
259 0.939807 0.242025
247 0.939809 0.190948
268 0.939794 0.228531
256 0.939824 0.178279
250 0.939844 0.144296
274 0.93981 0.166106
265 0.939799 0.223272
244 0.939815 0.179254
277 0.939795 0.209025
257 0.939815 0.153131
248 0.93985 0.106014
247 0.939835 0.134958
249 0.939835 0.13987
243 0.939861 0.0886173
256 0.939827 0.19503
252 0.939817 0.145312
250 0.939811 0.184995
243 0.939871 0.100826
259 0.939794 0.223433
251 0.939827 0.140241
267 0.939811 0.172799
231 0.939836 0.10949
251 0.939835 0.132116
268 0.940129 0.208278
251 0.939827 0.13493
241 0.939846 0.140541
257 0.939799 0.227027
244 0.939846 0.107215
249 0.939849 0.123096
272 0.939803 0.185015
255 0.939818 0.170702
258 0.939814 0.170768
246 0.939815 0.160392
271 0.939795 0.213717
262 0.939827 0.146937
260 0.939826 0.162322
259 0.939832 0.176397
252 0.939825 0.155531
241 0.939837 0.13706
242 0.939841 0.117669
252 0.939835 0.15471
255 0.939805 0.159691
262 0.93983 0.192982
266 0.939806 0.231645
260 0.939814 0.184464
255 0.939798 0.213594
254 0.93982 0.180942
270 0.939816 0.180564
250 0.939851 0.126426
261 0.939804 0.2236
261 0.939814 0.168054
250 0.939847 0.133489
258 0.939813 0.183945
256 0.939806 0.170413
249 0.939833 0.148176
273 0.939781 0.252401
236 0.939835 0.121105
252 0.939833 0.155821
258 0.939828 0.157111
240 0.939836 0.151393
249 0.939821 0.180717
251 0.939825 0.166347
245 0.939841 0.136783
254 0.939816 0.169717
250 0.939841 0.175408
245 0.939844 0.187899
237 0.939826 0.162192
255 0.939806 0.170143
257 0.93983 0.167161
251 0.939839 0.150506
251 0.939962 0.171641
244 0.939814 0.162196
261 0.939803 0.202049
257 0.939803 0.18028
266 0.939797 0.201753
253 0.939804 0.201708
266 0.939791 0.24766
244 0.939821 0.172548
258 0.939822 0.175902
266 0.939793 0.189127
256 0.939847 0.163332
243 0.939828 0.153148
256 0.939802 0.18967
250 0.939842 0.166275
256 0.939798 0.198343
242 0.939832 0.1463
248 0.939821 0.165855
270 0.939794 0.252578
267 0.939803 0.199699
246 0.93985 0.13049
257 0.939819 0.181303
252 0.939846 0.122192
270 0.939819 0.178226
245 0.939836 0.122904
244 0.939829 0.155728
253 0.939804 0.195402
255 0.93983 0.150054
256 0.939809 0.149312
259 0.939832 0.161432
242 0.939838 0.12195
272 0.93978 0.239662
239 0.939861 0.119101
271 0.939817 0.185793
257 0.939779 0.192966
268 0.939824 0.169715
242 0.939836 0.132054
274 0.939786 0.244508
255 0.939835 0.160305
239 0.939853 0.130633
258 0.939838 0.177166
252 0.939827 0.143891
255 0.940249 0.150128
265 0.939804 0.210188
261 0.939828 0.159278
252 0.939827 0.159254
252 0.939826 0.159137
250 0.939841 0.137945
242 0.939843 0.127118
252 0.939824 0.165488
248 0.939831 0.1593
268 0.939798 0.229958
250 0.939843 0.133105
265 0.939777 0.237177
257 0.939813 0.178814
252 0.939839 0.163766
242 0.939837 0.152072
269 0.939789 0.221137
251 0.939841 0.118275
264 0.939801 0.211756
255 0.939829 0.162757
250 0.939818 0.180526
248 0.939832 0.167276
262 0.939805 0.182396
256 0.939817 0.154091
250 0.939823 0.166716
261 0.939816 0.193824
252 0.939837 0.148
255 0.939828 0.213962
249 0.939839 0.122759
246 0.939844 0.132262
254 0.939819 0.211435
248 0.939809 0.151412
242 0.939836 0.114495
270 0.939826 0.187881
244 0.939804 0.132448
269 0.939809 0.185688
254 0.939833 0.150962
251 0.939828 0.135056
251 0.939843 0.116653
264 0.939836 0.13415
258 0.939836 0.155091
259 0.939806 0.215447
248 0.939829 0.159486
253 0.939833 0.140361
250 0.939822 0.155438
271 0.940203 0.153607
259 0.93979 0.201962
251 0.93981 0.141607
246 0.939829 0.164679
243 0.939839 0.118218
261 0.93982 0.193068
262 0.939827 0.151101
253 0.939842 0.140374
248 0.939859 0.120784
257 0.939849 0.125866
238 0.939825 0.150068
261 0.939813 0.172012
261 0.939804 0.202056
256 0.939817 0.202189
255 0.939841 0.134391
246 0.939824 0.164246
249 0.939784 0.187356
262 0.939803 0.213331
253 0.939824 0.170207
267 0.939796 0.179628
238 0.939845 0.147799
248 0.939826 0.175544
250 0.942506 0.16672
265 0.939805 0.197385
265 0.939825 0.175963
260 0.939794 0.210556
252 0.939841 0.132983
242 0.939858 0.115184
254 0.939834 0.146203
258 0.939807 0.17884
250 0.939822 0.163886
253 0.93985 0.147622
266 0.939822 0.169333
250 0.939853 0.158975
251 0.939801 0.173409
261 0.939846 0.143076
253 0.939819 0.163743
245 0.939837 0.136786
242 0.93986 0.103101
249 0.939827 0.135948
243 0.939846 0.135366
245 0.939824 0.165235
252 0.939825 0.152369
246 0.939843 0.145279
256 0.939834 0.135521
248 0.939827 0.14449
258 0.939849 0.156058
251 0.939852 0.138942
236 0.939832 0.130742
260 0.93981 0.187581
259 0.939818 0.199133
260 0.939824 0.16423
250 0.939823 0.142232
248 0.93983 0.140956
247 0.939857 0.122088
235 0.939866 0.105131
253 0.939799 0.197625
251 0.939803 0.171627
252 0.939825 0.165077
268 0.939812 0.180523
257 0.939803 0.205511
248 0.93983 0.174863
258 0.939824 0.174928
263 0.939801 0.238987
247 0.939849 0.12364
253 0.939836 0.129245
241 0.939853 0.120257
254 0.939811 0.166412
264 0.939816 0.210348
244 0.940074 0.137698
247 0.939828 0.151614
248 0.93985 0.123656
259 0.939832 0.170752
269 0.939793 0.253515
258 0.939815 0.181107
262 0.939835 0.162461
264 0.939841 0.154559
249 0.939821 0.132205
258 0.939838 0.157174
242 0.939841 0.103065
261 0.9398 0.190586
238 0.939827 0.150817
249 0.939814 0.181571
249 0.939823 0.161156
251 0.939827 0.156986
237 0.939827 0.144628
254 0.939848 0.123019
272 0.939796 0.2123
246 0.939826 0.133273
255 0.941466 0.171528
245 0.939844 0.127517
253 0.939831 0.155346
263 0.939798 0.162726
242 0.939826 0.174104
255 0.939835 0.146706
247 0.939826 0.151313
244 0.939833 0.146018
247 0.939852 0.132359
255 0.939834 0.142632
254 0.939812 0.173469
255 0.939822 0.128706
250 0.939812 0.215439
255 0.939824 0.18148
242 0.939835 0.169973
243 0.939848 0.138967
259 0.939827 0.167808
259 0.939807 0.190672
266 0.939786 0.22163
232 0.939835 0.177547
246 0.939838 0.148251
254 0.939842 0.16592
239 0.939831 0.134274
265 0.939821 0.128593
268 0.939801 0.221272
243 0.939846 0.108718
261 0.939824 0.150213
259 0.939815 0.183451
259 0.939823 0.189626
248 0.939818 0.19274
253 0.939828 0.17238
245 0.939807 0.196252
256 0.939832 0.170706
243 0.939855 0.111633
255 0.939817 0.157456
262 0.9398 0.160607
237 0.939828 0.143868
255 0.939828 0.184239
258 0.939798 0.248428
252 0.939813 0.164544
234 0.93985 0.130988
240 0.939843 0.134755
250 0.939843 0.151065
252 0.93985 0.143536
254 0.939841 0.147763
247 0.939846 0.136566
249 0.93982 0.146376
243 0.939833 0.179879
241 0.939856 0.126353
258 0.939823 0.161255
246 0.939825 0.14739
260 0.939836 0.150655
262 0.939805 0.221587
262 0.939811 0.167776
265 0.939811 0.189976
261 0.939842 0.171084
252 0.939817 0.184673
264 0.939822 0.154328
258 0.939824 0.166929
253 0.939825 0.168983
258 0.939839 0.120929
253 0.939856 0.114961
264 0.939817 0.147096
271 0.939806 0.209121
249 0.939819 0.143752
267 0.939794 0.21438
