400 0.134997 0.332738
429 0.135 0.3422
592 0.134999 0.336745
439 0.135003 0.333468
722 0.135002 0.35117
465 0.135003 0.320829
681 0.134999 0.333676
411 0.135003 0.354585
657 0.134999 0.337353
446 0.135007 0.321258
666 0.135002 0.357839
569 0.135001 0.352425
640 0.135005 0.3668
532 0.135001 0.324126
435 0.134993 0.310073
580 0.135001 0.340737
518 0.135004 0.328214
687 0.134996 0.321816
493 0.135 0.332985
587 0.134992 0.356138
349 0.135005 0.32984
698 0.135003 0.337995
512 0.134996 0.335001
613 0.135003 0.339235
569 0.134994 0.348353
444 0.134997 0.333897
475 0.135005 0.341568
546 0.135001 0.334076
600 0.134999 0.36693
654 0.135003 0.360174
657 0.134996 0.347516
345 0.135019 0.355903
399 0.134997 0.35811
522 0.134993 0.351491
373 0.134996 0.372241
407 0.135 0.307645
531 0.134999 0.323843
664 0.134999 0.354808
586 0.134999 0.346007
286 0.134996 0.335972
408 0.134995 0.332536
494 0.135005 0.341062
261 0.135 0.355759
479 0.135006 0.348365
690 0.134998 0.343414
588 0.134995 0.336543
605 0.134995 0.357188
509 0.135004 0.33779
516 0.134998 0.341507
522 0.135 0.354523
335 0.135003 0.350157
670 0.135002 0.327589
610 0.134996 0.323876
697 0.134992 0.350052
556 0.135 0.34942
639 0.135 0.339541
544 0.134999 0.369179
368 0.134998 0.358959
527 0.134998 0.334367
516 0.135 0.35229
697 0.135003 0.32404
582 0.134997 0.328428
396 0.135002 0.334028
395 0.134994 0.325448
509 0.135002 0.326125
571 0.135001 0.347173
457 0.135002 0.335056
464 0.134998 0.329053
611 0.134997 0.326919
415 0.135002 0.318487
526 0.134997 0.34739
662 0.135003 0.361042
327 0.134998 0.343266
503 0.135002 0.330164
434 0.134995 0.331865
560 0.135001 0.353094
394 0.134996 0.338277
319 0.135001 0.341342
495 0.134996 0.344932
591 0.135001 0.334065
629 0.135003 0.325697
341 0.134997 0.340131
451 0.135 0.333173
594 0.134997 0.330542
657 0.135008 0.336894
475 0.134994 0.33574
558 0.135003 0.328347
556 0.135006 0.334163
686 0.135003 0.360804
459 0.135007 0.328948
486 0.135003 0.358679
670 0.134997 0.345172
600 0.134997 0.332647
330 0.134987 0.334016
507 0.135003 0.35587
723 0.135 0.33832
581 0.134999 0.32044
671 0.135 0.358134
533 0.135005 0.353384
515 0.134998 0.322115
595 0.135 0.332157
257 0.134995 0.334346
384 0.134997 0.342494
414 0.134988 0.334852
499 0.134998 0.347699
489 0.134991 0.331738
587 0.135005 0.336707
444 0.13501 0.328792
693 0.134997 0.351215
592 0.134993 0.351359
587 0.134996 0.342671
380 0.135 0.355682
357 0.135 0.339834
364 0.135001 0.34749
310 0.135006 0.347203
527 0.134998 0.326942
457 0.135 0.340176
564 0.135002 0.343481
566 0.134998 0.327766
663 0.134999 0.347362
477 0.135004 0.336272
503 0.135 0.353557
498 0.135002 0.348911
542 0.135001 0.324014
555 0.134996 0.33034
619 0.135006 0.357129
608 0.135001 0.342907
496 0.135 0.329705
508 0.134999 0.339944
798 0.134997 0.344249
553 0.134992 0.352685
457 0.134997 0.326783
497 0.134999 0.327014
485 0.134999 0.323722
520 0.135 0.343698
404 0.134999 0.340175
674 0.135 0.352753
621 0.134998 0.336732
417 0.134998 0.314384
636 0.134991 0.346816
550 0.135 0.313069
797 0.135003 0.369745
617 0.134997 0.330093
495 0.134998 0.347878
405 0.134998 0.339158
530 0.135001 0.340316
492 0.135004 0.326023
419 0.135001 0.339265
488 0.13501 0.333305
558 0.135004 0.326789
704 0.135004 0.326687
422 0.135004 0.343608
557 0.134998 0.335567
602 0.134997 0.354072
427 0.135003 0.334835
626 0.135006 0.347118
432 0.135004 0.335035
723 0.134997 0.351159
488 0.134997 0.339207
614 0.134999 0.349362
469 0.134985 0.371093
488 0.135003 0.360751
395 0.134998 0.310729
753 0.135 0.339856
398 0.134996 0.352077
695 0.135 0.344528
600 0.134998 0.326297
586 0.134996 0.354557
428 0.135 0.356677
458 0.134992 0.340039
571 0.134995 0.360245
771 0.134997 0.3385
413 0.134998 0.343883
521 0.135006 0.346155
686 0.135001 0.361838
466 0.134991 0.359791
394 0.135 0.356305
427 0.135001 0.353107
467 0.135001 0.329979
445 0.135001 0.339287
573 0.134998 0.329603
359 0.134997 0.347635
581 0.134999 0.338818
660 0.134991 0.351175
488 0.135001 0.344537
332 0.134997 0.337466
547 0.134999 0.324987
693 0.135001 0.321048
706 0.135 0.351441
619 0.134998 0.345535
529 0.134997 0.339706
532 0.135004 0.368696
463 0.134996 0.343064
358 0.134996 0.329431
432 0.135005 0.35252
353 0.135003 0.34682
657 0.135007 0.343113
314 0.134991 0.352396
445 0.135002 0.347958
640 0.135002 0.342942
644 0.134998 0.367603
418 0.134998 0.336232
476 0.135 0.347173
430 0.135001 0.332973
390 0.135006 0.329827
658 0.135003 0.34716
577 0.135 0.323547
465 0.135001 0.335682
298 0.135002 0.344002
404 0.134999 0.37126
593 0.135005 0.363973
432 0.134994 0.350293
444 0.134993 0.342725
602 0.134999 0.334013
497 0.135001 0.357184
488 0.135001 0.322895
659 0.135004 0.34119
510 0.135001 0.322483
507 0.135012 0.324524
609 0.135004 0.349703
482 0.135 0.337214
540 0.134999 0.337065
428 0.134979 0.358682
625 0.134998 0.328909
484 0.135001 0.337048
522 0.134999 0.360818
556 0.134999 0.343724
557 0.134995 0.327631
507 0.135001 0.333852
514 0.135 0.333536
574 0.135 0.330515
801 0.134997 0.339375
485 0.134997 0.343568
471 0.135 0.334412
627 0.134988 0.344535
439 0.134995 0.344605
442 0.135 0.332449
783 0.134997 0.347874
403 0.134996 0.34228
545 0.135 0.371898
426 0.135001 0.346894
324 0.135 0.350669
398 0.134997 0.316789
358 0.134996 0.308494
494 0.135 0.331666
639 0.134998 0.339012
336 0.134996 0.342536
379 0.134999 0.353414
390 0.135003 0.350443
572 0.134996 0.350321
602 0.135 0.324264
597 0.134998 0.354754
426 0.135003 0.320176
560 0.135002 0.349316
682 0.134999 0.354177
490 0.135 0.328348
628 0.135012 0.351674
543 0.135011 0.343325
579 0.135002 0.349346
428 0.135 0.342571
574 0.135 0.331419
425 0.134994 0.331352
448 0.135007 0.338484
583 0.134997 0.335935
350 0.134994 0.339413
213 0.134993 0.326329
514 0.134996 0.354068
587 0.134995 0.344818
300 0.135002 0.327311
525 0.135001 0.350669
862 0.135001 0.35105
534 0.135003 0.346523
608 0.134994 0.368817
616 0.134995 0.331272
489 0.134994 0.330913
533 0.135003 0.350595
544 0.135016 0.357704
424 0.135003 0.328974
531 0.135005 0.344191
406 0.135002 0.321461
464 0.134998 0.341422
518 0.134998 0.367159
478 0.135 0.336471
529 0.134993 0.340486
435 0.134999 0.337102
703 0.134995 0.339676
411 0.135 0.334816
473 0.134997 0.327008
612 0.134999 0.342993
444 0.134995 0.341826
623 0.135003 0.353863
418 0.135005 0.330472
486 0.135007 0.324838
498 0.135012 0.324825
471 0.134985 0.338948
465 0.135003 0.319037
552 0.134993 0.335752
617 0.134996 0.353897
527 0.134997 0.35307
716 0.134997 0.352891
563 0.135003 0.333851
491 0.134993 0.326469
474 0.134992 0.335836
424 0.135004 0.332698
354 0.134998 0.337767
426 0.135001 0.371445
352 0.135002 0.365281
342 0.135005 0.344427
509 0.135001 0.322228
512 0.135009 0.352296
429 0.135014 0.339049
504 0.134998 0.33243
476 0.134996 0.336952
789 0.135003 0.347806
556 0.135001 0.33439
634 0.134997 0.342927
590 0.134998 0.343348
669 0.135009 0.33232
463 0.134989 0.325147
1010 0.135005 0.343143
1054 0.134998 0.347701
473 0.134999 0.364064
497 0.135001 0.316764
467 0.135002 0.354245
658 0.134992 0.339122
748 0.134995 0.336539
485 0.134994 0.337478
734 0.135007 0.364072
307 0.134993 0.346711
677 0.134996 0.348608
580 0.134999 0.366081
435 0.134999 0.33456
432 0.134999 0.366862
357 0.135004 0.308826
672 0.135 0.355274
531 0.134998 0.339413
443 0.134987 0.334764
475 0.134999 0.352073
480 0.134996 0.345362
487 0.135 0.325055
500 0.135001 0.336948
499 0.135003 0.343163
434 0.134999 0.33607
519 0.134998 0.344753
503 0.134992 0.334182
622 0.134998 0.343784
580 0.134999 0.366877
452 0.134995 0.34352
603 0.135005 0.345629
503 0.134999 0.330288
666 0.134999 0.341565
610 0.135 0.310412
696 0.135001 0.356694
504 0.134994 0.337876
652 0.134995 0.351398
380 0.134999 0.329832
535 0.135002 0.339087
396 0.134999 0.351983
505 0.135005 0.337311
477 0.135 0.337362
475 0.134999 0.323477
550 0.134999 0.309792
274 0.135002 0.325238
620 0.135001 0.338627
474 0.135002 0.340657
640 0.135008 0.329474
598 0.135 0.361095
640 0.135003 0.354482
510 0.134998 0.331061
583 0.134994 0.312886
352 0.135001 0.337643
509 0.135008 0.356402
571 0.135006 0.324619
341 0.135002 0.308794
298 0.134998 0.330684
567 0.135003 0.370067
778 0.135 0.339825
511 0.134999 0.335786
469 0.135001 0.341797
577 0.134999 0.327191
388 0.135 0.331479
420 0.134996 0.332654
594 0.135002 0.329148
599 0.135 0.349407
476 0.134998 0.340306
378 0.135004 0.328138
537 0.135002 0.371599
480 0.135004 0.348698
540 0.135005 0.341892
314 0.135001 0.356662
416 0.134999 0.34724
463 0.135002 0.3419
458 0.134993 0.327191
405 0.134999 0.346746
416 0.134997 0.343935
446 0.135007 0.330499
665 0.135 0.337519
365 0.134999 0.322888
424 0.135 0.353547
503 0.135008 0.350205
651 0.135002 0.331254
434 0.135004 0.34112
429 0.135008 0.329715
723 0.134999 0.327876
564 0.134988 0.348818
706 0.134993 0.337932
832 0.135001 0.344709
493 0.135003 0.323884
427 0.134998 0.335787
445 0.135003 0.34919
478 0.134998 0.32725
618 0.135 0.327234
568 0.135002 0.365599
528 0.134998 0.326066
585 0.134999 0.333635
759 0.134996 0.36938
477 0.134992 0.341721
509 0.135002 0.312551
445 0.135004 0.362786
732 0.135002 0.349853
574 0.134998 0.352615
405 0.135002 0.330846
476 0.135004 0.353291
269 0.134993 0.333515
464 0.135 0.350182
440 0.135003 0.338766
534 0.134999 0.326636
416 0.134999 0.325452
710 0.135 0.345227
450 0.135005 0.3431
338 0.134994 0.330845
444 0.134999 0.3596
442 0.134999 0.327144
433 0.135002 0.368227
355 0.134998 0.362957
566 0.134998 0.373382
497 0.134999 0.342799
561 0.134999 0.333361
505 0.135001 0.359236
402 0.134999 0.348301
404 0.135003 0.356987
431 0.135001 0.344316
423 0.135 0.358652
480 0.134992 0.348044
483 0.135015 0.347998
579 0.135 0.339141
321 0.135006 0.339175
562 0.134998 0.336715
346 0.135001 0.357469
486 0.135007 0.354049
599 0.134999 0.334264
614 0.135 0.321088
480 0.135 0.339545
573 0.134997 0.347082
494 0.135006 0.33298
497 0.134999 0.351664
625 0.135 0.335704
521 0.135006 0.336171
475 0.135006 0.351407
620 0.134992 0.328277
477 0.134998 0.351955
409 0.135 0.329601
656 0.134999 0.339521
574 0.135003 0.332041
537 0.135002 0.348802
526 0.135001 0.346936
557 0.135001 0.373138
754 0.134997 0.340297
629 0.134995 0.358711
599 0.135005 0.356377
539 0.134995 0.331035
619 0.135012 0.352887
600 0.135003 0.340117
377 0.135003 0.346435
487 0.135003 0.327566
278 0.134991 0.330508
398 0.135002 0.344974
430 0.134992 0.353699
503 0.135001 0.326085
471 0.134996 0.349264
595 0.135003 0.347469
507 0.134998 0.351814
392 0.135004 0.35302
560 0.135002 0.33156
415 0.135005 0.335471
517 0.134995 0.358397
668 0.134987 0.360086
509 0.135004 0.343014
604 0.134991 0.353012
557 0.134998 0.330155
559 0.135005 0.341194
519 0.134989 0.329753
475 0.134992 0.370178
509 0.135009 0.33803
540 0.135002 0.340886
595 0.135 0.367143
641 0.135 0.344319
719 0.135003 0.325546
515 0.134997 0.328891
565 0.135001 0.355243
556 0.134995 0.360756
710 0.134994 0.334471
665 0.134997 0.3473
567 0.134986 0.342261
306 0.135008 0.344147
621 0.134997 0.340034
560 0.135001 0.353164
460 0.134997 0.349985
586 0.135005 0.349039
583 0.135002 0.32589
368 0.134991 0.352803
624 0.134998 0.353606
519 0.134997 0.325968
676 0.134996 0.341818
491 0.134999 0.336365
533 0.134998 0.343501
535 0.134995 0.345199
362 0.134999 0.354052
470 0.135005 0.346172
627 0.135005 0.359243
446 0.135008 0.32195
408 0.134997 0.344636
422 0.135001 0.34122
417 0.135005 0.327292
460 0.135003 0.309427
513 0.134998 0.33267
401 0.135 0.310024
421 0.135003 0.338659
481 0.134998 0.321344
445 0.135 0.313137
387 0.135003 0.335959
450 0.134995 0.341068
591 0.134996 0.34182
440 0.134998 0.332026
415 0.134999 0.331123
539 0.135 0.34694
544 0.135 0.330629
470 0.134985 0.332343
603 0.134995 0.359881
495 0.134999 0.340354
319 0.135001 0.322892
637 0.134995 0.360446
509 0.135001 0.331913
756 0.135007 0.33015
614 0.134996 0.336387
698 0.135002 0.371447
418 0.134997 0.344367
401 0.135 0.338812
661 0.134998 0.356722
553 0.134999 0.327399
518 0.135004 0.332729
676 0.135007 0.356037
579 0.134998 0.339909
461 0.134997 0.34361
472 0.135003 0.369414
432 0.135002 0.368125
332 0.135008 0.371395
457 0.135005 0.325342
429 0.134995 0.327994
605 0.134999 0.335304
485 0.134997 0.331013
466 0.135003 0.368883
402 0.135003 0.360114
419 0.135002 0.335114
751 0.135001 0.350249
593 0.135007 0.333887
660 0.135002 0.352064
498 0.135001 0.345636
397 0.134999 0.352121
399 0.134998 0.355005
580 0.134989 0.347535
666 0.135002 0.35114
692 0.135006 0.364961
498 0.135001 0.336881
525 0.135007 0.343636
447 0.134998 0.335938
561 0.134997 0.338075
627 0.134999 0.343944
591 0.135002 0.333138
746 0.134992 0.350305
609 0.134996 0.35308
687 0.135 0.34403
404 0.134996 0.320608
536 0.135001 0.356409
705 0.135002 0.327014
413 0.134999 0.36549
664 0.134993 0.321702
534 0.134997 0.338849
525 0.135004 0.348578
623 0.135 0.323312
627 0.135004 0.339192
454 0.135 0.344038
530 0.135 0.336614
544 0.135001 0.344815
314 0.134993 0.345312
421 0.135001 0.308707
437 0.134998 0.293358
392 0.134995 0.356154
490 0.135001 0.358342
602 0.134999 0.332548
482 0.135 0.342797
490 0.134999 0.307
446 0.135004 0.368606
682 0.134998 0.347682
455 0.135008 0.326568
436 0.135004 0.34772
431 0.134999 0.342946
521 0.134989 0.358083
430 0.135001 0.339467
486 0.134999 0.338185
518 0.134998 0.334109
563 0.134999 0.335616
409 0.135003 0.341626
616 0.134991 0.331093
298 0.134998 0.3316
688 0.135 0.385144
589 0.134997 0.345464
440 0.134999 0.338982
547 0.134999 0.356777
455 0.135 0.324943
472 0.135001 0.35101
378 0.135005 0.321384
473 0.135 0.350533
571 0.135001 0.342222
394 0.135008 0.350435
593 0.134998 0.346301
544 0.135003 0.326021
493 0.134998 0.327143
450 0.134998 0.3444
629 0.135009 0.333808
415 0.135002 0.329417
424 0.135002 0.370858
389 0.134978 0.374903
537 0.135001 0.37141
490 0.135 0.343639
583 0.134994 0.341659
661 0.135 0.322319
551 0.135 0.345079
594 0.134996 0.340022
397 0.134994 0.345685
355 0.134999 0.373623
499 0.135003 0.315994
624 0.134998 0.354276
589 0.135001 0.343343
515 0.134999 0.358553
754 0.135003 0.348896
466 0.135007 0.325561
427 0.134999 0.337511
529 0.134998 0.33936
570 0.134996 0.337925
415 0.135002 0.34
683 0.135009 0.341553
612 0.134998 0.32368
454 0.134992 0.324128
593 0.134998 0.362999
464 0.135004 0.325248
907 0.134998 0.350623
629 0.135002 0.340643
572 0.134993 0.370345
422 0.135003 0.356096
370 0.135001 0.342397
423 0.134991 0.337608
663 0.134997 0.369912
408 0.134999 0.332318
604 0.135001 0.343918
512 0.135018 0.330222
425 0.135 0.319032
395 0.134997 0.320132
579 0.134999 0.345117
761 0.135004 0.343106
387 0.134994 0.328374
840 0.135001 0.359255
443 0.135002 0.324315
698 0.135003 0.352421
463 0.13501 0.320726
524 0.134998 0.352894
749 0.135005 0.33311
393 0.135006 0.319316
421 0.13501 0.350621
538 0.135004 0.355592
383 0.135004 0.330805
505 0.134999 0.34471
459 0.135003 0.356355
564 0.134982 0.361976
526 0.135001 0.338277
376 0.134991 0.333447
356 0.135009 0.33686
394 0.135001 0.357865
432 0.135005 0.325827
522 0.135 0.337192
700 0.135003 0.343966
576 0.134998 0.317957
697 0.135 0.326708
528 0.134993 0.332759
411 0.135001 0.35448
517 0.134999 0.356916
738 0.134994 0.354262
643 0.135002 0.323406
592 0.135 0.352171
421 0.134997 0.325217
245 0.13499 0.333609
464 0.134999 0.316835
378 0.135009 0.335392
275 0.134998 0.323124
606 0.134997 0.355902
511 0.135002 0.339495
508 0.134999 0.361369
346 0.134997 0.329285
763 0.134997 0.348746
356 0.134994 0.339144
500 0.134998 0.335116
334 0.134995 0.329399
374 0.13502 0.329698
610 0.134999 0.347233
355 0.135014 0.352511
454 0.134993 0.33743
764 0.134999 0.328528
379 0.134993 0.329169
371 0.134997 0.346399
636 0.135001 0.354836
644 0.135 0.35298
577 0.134994 0.352133
580 0.13499 0.345623
606 0.134999 0.333604
437 0.135005 0.349267
416 0.135003 0.321787
584 0.134997 0.332169
486 0.135 0.349628
448 0.134999 0.339792
404 0.135002 0.332102
489 0.135001 0.321985
540 0.134996 0.332068
500 0.135005 0.347845
590 0.135002 0.347762
503 0.134995 0.315989
596 0.135001 0.333664
488 0.134993 0.319854
566 0.134994 0.35624
447 0.135004 0.329856
497 0.135006 0.344147
584 0.135004 0.319447
414 0.135002 0.340018
504 0.135007 0.331282
519 0.135005 0.313065
471 0.135001 0.327745
799 0.134997 0.324039
406 0.135001 0.360035
470 0.135005 0.355238
614 0.135006 0.329644
498 0.135004 0.388827
587 0.134999 0.335184
426 0.135012 0.33253
416 0.134999 0.327442
583 0.135 0.339611
596 0.134997 0.354632
466 0.135005 0.347646
567 0.134998 0.361015
604 0.135003 0.351193
456 0.135008 0.315846
403 0.135004 0.331745
599 0.135 0.342699
505 0.134996 0.318399
804 0.135009 0.336136
648 0.135002 0.359209
605 0.135 0.34734
558 0.134999 0.340592
665 0.134999 0.360568
652 0.134995 0.33957
449 0.134991 0.352171
661 0.135 0.318041
433 0.135003 0.331775
579 0.134999 0.339793
569 0.134996 0.333331
499 0.135 0.357159
519 0.134998 0.352422
410 0.135004 0.325301
519 0.135002 0.348306
699 0.134999 0.355842
586 0.134999 0.338753
313 0.135008 0.332975
573 0.134993 0.35421
404 0.134999 0.316786
622 0.135003 0.343224
443 0.134999 0.348593
532 0.135004 0.33796
638 0.135002 0.334153
516 0.135001 0.339683
487 0.134999 0.345693
464 0.134981 0.355946
389 0.135006 0.356131
874 0.134999 0.345529
449 0.134999 0.34624
532 0.134999 0.345319
663 0.135003 0.333431
537 0.135005 0.330154
441 0.134992 0.340036
667 0.134993 0.355669
501 0.134994 0.348315
381 0.135009 0.380983
615 0.134999 0.338975
419 0.134997 0.332472
478 0.134996 0.348274
624 0.135008 0.340119
468 0.135002 0.312801
515 0.134997 0.334479
508 0.134991 0.354782
446 0.135003 0.35066
422 0.134999 0.321807
547 0.134999 0.351698
544 0.135 0.342429
635 0.134987 0.317542
418 0.134994 0.319422
749 0.134998 0.343149
498 0.134999 0.33882
413 0.135009 0.331048
466 0.135007 0.344738
672 0.135001 0.334574
512 0.134998 0.325599
692 0.134998 0.366372
495 0.135001 0.361343
507 0.134999 0.368718
528 0.134998 0.342532
555 0.135001 0.349809
582 0.134998 0.312388
533 0.134996 0.329613
733 0.135002 0.342314
457 0.135003 0.317838
607 0.135001 0.339344
422 0.134997 0.312668
394 0.134996 0.338432
686 0.135011 0.317265
508 0.134998 0.340372
498 0.135003 0.315012
432 0.134992 0.3319
421 0.135006 0.304043
527 0.134998 0.342947
437 0.134998 0.360102
528 0.134982 0.32608
395 0.134997 0.357428
503 0.135003 0.330349
438 0.135005 0.345943
810 0.135 0.328085
580 0.135 0.334804
465 0.134995 0.348246
653 0.135002 0.339436
411 0.135004 0.349457
705 0.134999 0.342817
579 0.134993 0.333201
557 0.134999 0.352331
384 0.134992 0.31838
504 0.134979 0.34899
526 0.135 0.335111
412 0.135001 0.332937
393 0.135002 0.371511
434 0.135 0.322217
521 0.135007 0.350672
593 0.135 0.327642
631 0.135 0.330775
616 0.135011 0.355549
409 0.135004 0.333244
477 0.135002 0.323461
686 0.134999 0.333198
677 0.134998 0.343875
487 0.134996 0.349468
662 0.135007 0.364873
472 0.134997 0.351857
548 0.135 0.3509
477 0.134998 0.330943
500 0.134998 0.341005
547 0.135002 0.355131
538 0.134998 0.345786
394 0.134996 0.334063
351 0.134998 0.315359
429 0.134997 0.3394
624 0.135002 0.344981
539 0.135005 0.351723
471 0.134996 0.338757
499 0.135 0.321227
400 0.134996 0.332888
594 0.135 0.350191
585 0.134999 0.343102
593 0.135002 0.336089
486 0.135 0.324012
373 0.134996 0.344494
459 0.135004 0.324478
382 0.135021 0.303828
489 0.135004 0.346358
550 0.134999 0.352892
491 0.135002 0.351527
493 0.134998 0.355143
503 0.135003 0.353017
331 0.135001 0.325038
374 0.135002 0.347847
437 0.135009 0.337544
674 0.134998 0.339871
525 0.134997 0.333459
543 0.134999 0.332442
566 0.135007 0.344187
501 0.135 0.366065
423 0.135009 0.330915
354 0.135005 0.340355
601 0.135004 0.338703
660 0.134988 0.322945
500 0.135 0.341163
670 0.134998 0.341731
643 0.134997 0.348234
537 0.134999 0.348601
534 0.134993 0.345683
819 0.135003 0.346756
393 0.13501 0.335299
387 0.135005 0.309254
366 0.135005 0.32949
605 0.135001 0.347757
554 0.134988 0.352519
456 0.135 0.309055
485 0.135006 0.323097
477 0.135004 0.328315
632 0.135 0.322351
804 0.135003 0.342785
554 0.135005 0.325124
470 0.134995 0.356825
488 0.135002 0.340272
483 0.135002 0.330893
542 0.134996 0.355361
396 0.135002 0.344325
563 0.135007 0.330484
463 0.135 0.356088
648 0.135 0.317928
563 0.135001 0.323969
543 0.135004 0.343908
456 0.135003 0.342258
406 0.135004 0.338279
672 0.135006 0.334792
464 0.135003 0.33959
571 0.135005 0.325877
548 0.135 0.32268
446 0.135 0.329238
499 0.135221 0.341386
599 0.134999 0.337718
464 0.135004 0.319088
458 0.135004 0.322885
627 0.135006 0.332199
484 0.135002 0.348816
447 0.134996 0.346389
495 0.134997 0.37456
417 0.135 0.34885
787 0.135003 0.34621
494 0.135004 0.342581
553 0.135001 0.341755
484 0.135 0.346603
740 0.135 0.332357
641 0.134999 0.327153
746 0.134997 0.342925
474 0.135003 0.343926
478 0.134997 0.330681
411 0.135 0.338875
608 0.134999 0.346217
467 0.134993 0.337392
670 0.135001 0.340019
462 0.134996 0.327018
432 0.134986 0.355
737 0.135004 0.329888
520 0.135005 0.324637
451 0.135001 0.36335
575 0.134999 0.338057
640 0.135 0.34925
451 0.135002 0.335722
528 0.135005 0.345805
553 0.135002 0.355254
577 0.134999 0.330225
562 0.135003 0.344731
541 0.134997 0.329605
642 0.135 0.350983
462 0.135002 0.33005
414 0.134994 0.351271
543 0.134992 0.330265
462 0.135 0.335511
378 0.135011 0.351764
477 0.134997 0.322342
331 0.134993 0.368727
458 0.134996 0.348528
474 0.135014 0.349565
278 0.135015 0.320836
580 0.135005 0.330354
435 0.135003 0.34591
511 0.135002 0.322907
612 0.135006 0.336381
499 0.134991 0.321283
669 0.134999 0.326402
456 0.134999 0.35081
621 0.135005 0.346788
516 0.135001 0.328565
546 0.135015 0.344012
579 0.135001 0.325476
314 0.134998 0.330732
293 0.134987 0.347796
454 0.135004 0.347678
702 0.135002 0.346943
536 0.135 0.326136
602 0.134997 0.345995
