350 0.1396 0.377771
395 0.139601 0.377317
461 0.139605 0.354186
394 0.139601 0.390119
635 0.139603 0.384209
402 0.139593 0.3531
557 0.139601 0.364245
392 0.139605 0.369456
615 0.139602 0.365004
370 0.139594 0.363316
567 0.139609 0.382612
466 0.139603 0.365576
521 0.139596 0.353646
438 0.139602 0.389666
406 0.139597 0.342647
502 0.139602 0.371216
436 0.139597 0.360033
601 0.139597 0.355882
450 0.139607 0.361516
564 0.139597 0.361791
312 0.139603 0.373453
592 0.139598 0.366196
399 0.139602 0.354391
530 0.139601 0.370193
471 0.139599 0.363709
378 0.139606 0.369143
431 0.1396 0.356766
489 0.139595 0.354056
522 0.139602 0.380463
594 0.139602 0.375562
586 0.139601 0.371242
275 0.139609 0.348625
399 0.139598 0.390954
458 0.139596 0.367553
348 0.139602 0.362334
395 0.139619 0.36001
521 0.139602 0.364726
596 0.139597 0.377109
518 0.139606 0.351358
255 0.139598 0.360234
332 0.139602 0.352888
420 0.139603 0.353059
240 0.139598 0.345747
420 0.1396 0.361486
587 0.139602 0.36865
535 0.139597 0.356944
525 0.139598 0.359653
485 0.139607 0.350174
479 0.139599 0.377826
441 0.1396 0.364775
331 0.1396 0.360018
582 0.139604 0.387484
510 0.139599 0.373292
611 0.139596 0.379063
503 0.1396 0.354991
534 0.139596 0.383486
477 0.139598 0.402069
336 0.139606 0.377876
479 0.139598 0.376492
405 0.139602 0.363772
608 0.139601 0.378171
526 0.139598 0.373225
340 0.139604 0.373357
350 0.139598 0.335231
474 0.139596 0.348048
501 0.139599 0.364234
384 0.139598 0.387558
435 0.139601 0.379586
498 0.139597 0.374008
362 0.139601 0.371774
432 0.139598 0.385125
549 0.139603 0.38396
276 0.1396 0.355553
416 0.139596 0.368778
349 0.139602 0.352329
540 0.139603 0.353725
365 0.139606 0.370172
294 0.139611 0.351821
450 0.139602 0.360811
519 0.139597 0.350529
540 0.139597 0.353245
271 0.139592 0.382485
393 0.139595 0.379792
503 0.139601 0.380424
586 0.139604 0.375169
401 0.139599 0.355999
469 0.139599 0.370219
490 0.139599 0.389195
614 0.139599 0.3396
398 0.139613 0.381755
405 0.139595 0.363743
587 0.139602 0.377047
487 0.139596 0.351145
288 0.139597 0.342727
450 0.139602 0.382711
611 0.139601 0.355305
509 0.1396 0.356949
587 0.139607 0.344607
507 0.139601 0.352733
458 0.139595 0.352122
511 0.139604 0.372704
233 0.139597 0.349222
362 0.139599 0.353383
368 0.139591 0.362591
410 0.139605 0.353628
428 0.139603 0.3689
558 0.1396 0.341906
415 0.139583 0.354809
617 0.139603 0.375816
549 0.139596 0.353278
464 0.139607 0.391396
371 0.139601 0.34821
348 0.139601 0.336206
352 0.139596 0.373983
278 0.139591 0.359612
483 0.1396 0.363677
430 0.139601 0.367495
495 0.139603 0.346574
513 0.1396 0.342751
565 0.139603 0.369977
397 0.139601 0.356791
450 0.139602 0.369813
444 0.139596 0.362503
527 0.139603 0.360948
519 0.139603 0.366157
524 0.139596 0.378804
486 0.139596 0.378524
441 0.139598 0.35638
445 0.139603 0.358406
668 0.139603 0.354976
485 0.139608 0.372165
393 0.139608 0.360918
411 0.139609 0.353361
388 0.139602 0.337866
460 0.139606 0.363456
365 0.139596 0.365053
624 0.139605 0.352139
543 0.139597 0.365199
376 0.139599 0.346623
567 0.139602 0.378554
505 0.139603 0.338193
681 0.1396 0.369232
538 0.139605 0.366122
412 0.139599 0.366182
347 0.139603 0.367414
454 0.139598 0.397806
398 0.139596 0.347713
402 0.139598 0.361824
421 0.139598 0.35662
484 0.139598 0.375767
598 0.1396 0.37759
365 0.139609 0.34997
513 0.139592 0.358063
543 0.139597 0.356792
403 0.139598 0.364839
527 0.139602 0.394657
373 0.139596 0.358967
638 0.139604 0.369722
403 0.139593 0.368486
509 0.139603 0.364063
407 0.1396 0.375502
415 0.139598 0.377235
334 0.1396 0.362704
615 0.139599 0.376111
325 0.139601 0.365349
633 0.139599 0.361453
506 0.139602 0.373699
534 0.139597 0.377332
372 0.139607 0.362732
390 0.139589 0.365214
539 0.139593 0.380815
659 0.139601 0.358197
373 0.139604 0.353302
460 0.139604 0.376067
602 0.139595 0.364735
399 0.139601 0.377663
337 0.139601 0.377365
364 0.139596 0.359912
396 0.139611 0.355187
347 0.139597 0.359439
487 0.1396 0.358671
304 0.139602 0.340446
477 0.139598 0.363502
562 0.139604 0.369001
430 0.139607 0.35534
295 0.139578 0.354727
460 0.139601 0.357325
568 0.1396 0.35729
598 0.139598 0.352908
478 0.139601 0.374203
457 0.139607 0.384938
459 0.139599 0.365254
436 0.139604 0.372174
328 0.139596 0.366824
392 0.139596 0.371308
354 0.139606 0.365169
571 0.1396 0.378481
300 0.139601 0.377021
403 0.139601 0.369678
584 0.139606 0.348832
500 0.139597 0.344261
374 0.139603 0.361671
367 0.13961 0.357711
418 0.139598 0.379324
302 0.1396 0.349602
542 0.139598 0.363467
495 0.139608 0.34917
424 0.139597 0.356322
241 0.139605 0.374457
353 0.139603 0.362042
512 0.139602 0.375365
401 0.139597 0.365857
374 0.139601 0.359678
498 0.139595 0.360225
417 0.139602 0.359958
439 0.139599 0.343469
568 0.139598 0.367688
463 0.1396 0.35611
484 0.1396 0.366341
552 0.139604 0.369742
433 0.139603 0.376812
473 0.139589 0.377732
411 0.139604 0.377793
555 0.139603 0.340028
427 0.139601 0.351763
449 0.139589 0.356333
455 0.139598 0.363516
482 0.139605 0.356713
456 0.139599 0.360624
443 0.139582 0.354904
496 0.139608 0.366636
623 0.1396 0.375632
399 0.139601 0.354668
397 0.13961 0.365454
573 0.139603 0.382274
408 0.1396 0.351196
404 0.139612 0.382608
649 0.139595 0.357207
363 0.139596 0.348816
468 0.139597 0.383656
392 0.139601 0.349942
310 0.139599 0.333993
318 0.139614 0.372486
315 0.139603 0.332486
391 0.139598 0.342328
542 0.139599 0.376997
286 0.139603 0.382886
306 0.139596 0.363711
412 0.139604 0.362767
512 0.139609 0.371214
518 0.1396 0.363851
533 0.139609 0.386956
379 0.139605 0.365196
535 0.139608 0.355912
600 0.139611 0.368195
423 0.139601 0.375212
535 0.139596 0.388564
469 0.139602 0.355106
510 0.139602 0.381142
376 0.139602 0.385265
532 0.139609 0.368171
369 0.139598 0.357047
389 0.139604 0.384729
501 0.139594 0.360643
338 0.139589 0.366723
184 0.139609 0.361607
417 0.139599 0.368852
563 0.139597 0.368364
266 0.139605 0.350998
456 0.139605 0.365698
733 0.139603 0.386333
430 0.139603 0.351195
504 0.139605 0.366725
502 0.139598 0.360325
410 0.1396 0.373925
504 0.139614 0.373648
510 0.139601 0.366822
363 0.139599 0.358943
414 0.139603 0.362862
335 0.139602 0.363737
408 0.139587 0.362343
509 0.139597 0.383138
426 0.139608 0.368899
484 0.1396 0.359858
412 0.139605 0.351507
621 0.1396 0.386589
385 0.139601 0.370319
445 0.1396 0.352173
573 0.139592 0.3627
333 0.1396 0.345719
519 0.1396 0.348294
395 0.139593 0.346351
443 0.139597 0.354209
388 0.139597 0.362258
402 0.139599 0.358182
416 0.139598 0.382062
459 0.139594 0.367243
559 0.139599 0.369903
466 0.139601 0.372996
642 0.139601 0.365119
457 0.139599 0.342664
443 0.139603 0.358163
441 0.139608 0.360826
359 0.139602 0.380172
337 0.139598 0.361388
401 0.139595 0.366491
320 0.139598 0.342379
318 0.139595 0.358326
423 0.139607 0.354255
501 0.139603 0.355765
378 0.1396 0.362546
449 0.139606 0.369717
413 0.139597 0.37504
677 0.139599 0.374974
483 0.139605 0.379284
554 0.1396 0.36715
500 0.139601 0.342577
599 0.139599 0.361717
356 0.139598 0.350722
849 0.139598 0.353515
913 0.1396 0.364643
410 0.139603 0.366462
419 0.139599 0.380661
444 0.139602 0.381853
556 0.139598 0.360411
651 0.1396 0.353026
396 0.139599 0.36874
646 0.139599 0.3619
253 0.139595 0.384452
571 0.139603 0.381402
483 0.139609 0.361432
404 0.139604 0.370111
332 0.139595 0.352555
312 0.139608 0.355041
598 0.139599 0.371653
443 0.1396 0.363582
395 0.139594 0.357141
452 0.139588 0.354477
437 0.139604 0.358198
445 0.139598 0.336511
471 0.139601 0.372744
421 0.139598 0.355181
364 0.139602 0.376388
484 0.139609 0.379224
382 0.139602 0.361596
514 0.1396 0.377825
508 0.139601 0.367743
442 0.139599 0.38267
559 0.139595 0.374528
414 0.139602 0.371372
557 0.1396 0.381912
561 0.139601 0.356153
576 0.139607 0.343981
468 0.139601 0.35166
586 0.139603 0.388008
327 0.139602 0.386928
485 0.1396 0.353257
358 0.139603 0.334745
440 0.1396 0.372913
419 0.139606 0.380439
394 0.139597 0.356942
467 0.1396 0.354794
217 0.139601 0.383548
515 0.139594 0.372438
398 0.139601 0.349697
545 0.139604 0.374056
548 0.139609 0.367817
558 0.139599 0.369682
448 0.139601 0.34585
500 0.139601 0.366599
330 0.139598 0.371452
486 0.139599 0.366007
481 0.139598 0.37071
283 0.139607 0.334238
251 0.139601 0.365442
516 0.139606 0.386534
698 0.139596 0.367827
455 0.139596 0.341514
422 0.139601 0.349182
507 0.139606 0.362019
329 0.139594 0.350486
335 0.139605 0.362123
501 0.1396 0.363828
507 0.139606 0.350029
409 0.139592 0.353375
325 0.139601 0.387065
469 0.139602 0.366833
409 0.139601 0.368009
457 0.139599 0.369685
300 0.139596 0.368158
310 0.139599 0.378454
418 0.1396 0.360768
431 0.139603 0.337528
357 0.1396 0.353524
384 0.1396 0.364112
368 0.139591 0.344925
637 0.139599 0.361076
312 0.139596 0.346048
372 0.139601 0.366377
409 0.139602 0.372215
579 0.139601 0.375666
382 0.139604 0.351558
394 0.1396 0.356087
614 0.139596 0.36326
469 0.139604 0.364655
561 0.139601 0.373544
687 0.139604 0.367502
433 0.139598 0.372933
387 0.139603 0.370404
394 0.139596 0.342442
413 0.139599 0.348533
522 0.139601 0.352152
509 0.139598 0.334707
455 0.139601 0.356617
421 0.139605 0.368945
717 0.139595 0.363001
436 0.139597 0.351312
416 0.139595 0.356052
419 0.139597 0.357545
636 0.139608 0.363669
566 0.139596 0.355579
398 0.139597 0.367967
409 0.139607 0.372449
262 0.139599 0.353317
383 0.139605 0.386802
360 0.139597 0.375375
465 0.139594 0.361355
371 0.139595 0.348859
583 0.139605 0.35771
377 0.139601 0.365682
296 0.139594 0.380009
398 0.139594 0.348087
368 0.139599 0.365273
388 0.139609 0.397038
297 0.139608 0.389503
553 0.139603 0.387866
431 0.139599 0.350486
512 0.139596 0.367489
416 0.139598 0.356909
353 0.139608 0.373739
368 0.139595 0.345821
393 0.139601 0.374237
355 0.1396 0.355354
410 0.139614 0.354415
437 0.139603 0.371728
522 0.139599 0.353458
296 0.139596 0.392164
474 0.139599 0.372983
297 0.1396 0.360649
443 0.139611 0.358179
533 0.139603 0.362128
491 0.139606 0.377443
415 0.139602 0.370988
516 0.139606 0.344852
425 0.139596 0.35314
437 0.139597 0.389075
524 0.139597 0.354944
449 0.139606 0.376347
398 0.139599 0.364153
543 0.139598 0.368866
419 0.139592 0.380319
372 0.139609 0.358268
554 0.139602 0.371781
516 0.139598 0.362208
480 0.1396 0.359223
465 0.139601 0.358472
500 0.139591 0.393554
641 0.139594 0.36954
559 0.139598 0.387412
537 0.139602 0.360853
445 0.139603 0.366464
578 0.139593 0.368187
559 0.139602 0.369771
352 0.139608 0.347089
422 0.139596 0.357766
226 0.139601 0.356363
364 0.139596 0.364997
364 0.139605 0.380693
455 0.139601 0.358039
447 0.139603 0.365172
513 0.139597 0.380395
436 0.1396 0.363513
336 0.139601 0.371701
479 0.1396 0.370462
374 0.139594 0.367478
464 0.139602 0.376263
580 0.139603 0.36419
419 0.139603 0.370887
523 0.1396 0.370612
504 0.139603 0.353414
510 0.139597 0.345227
479 0.139601 0.355578
416 0.139607 0.382983
438 0.139596 0.361827
452 0.139599 0.386372
495 0.1396 0.381433
562 0.139594 0.366881
617 0.139595 0.370006
448 0.139603 0.34445
470 0.139598 0.385277
520 0.139596 0.372369
609 0.139598 0.366657
556 0.139599 0.360331
520 0.139597 0.379629
294 0.1396 0.384673
529 0.1396 0.353455
486 0.139598 0.346249
433 0.139592 0.367064
478 0.139596 0.38344
486 0.139595 0.359074
318 0.139599 0.358534
556 0.139591 0.349761
468 0.139599 0.375644
612 0.139598 0.390329
429 0.139606 0.386234
445 0.139594 0.358765
460 0.139603 0.35854
321 0.139596 0.364909
435 0.139606 0.370176
547 0.1396 0.36993
384 0.139608 0.375754
356 0.139598 0.362527
370 0.139604 0.360195
391 0.139602 0.33798
409 0.139598 0.344073
408 0.139605 0.362816
343 0.1396 0.337156
381 0.1396 0.358956
429 0.1396 0.355313
391 0.139601 0.375645
315 0.139603 0.373535
383 0.139604 0.35392
521 0.139602 0.35859
363 0.139594 0.366387
364 0.1396 0.354428
469 0.139605 0.354649
471 0.139597 0.367065
443 0.139596 0.329532
566 0.139601 0.367777
508 0.139605 0.373381
234 0.139602 0.350781
511 0.139592 0.362178
435 0.139599 0.391944
632 0.139603 0.363909
554 0.139603 0.347303
574 0.139598 0.351391
359 0.139609 0.359407
359 0.139581 0.357802
587 0.139606 0.356078
493 0.139599 0.368825
423 0.139597 0.355998
577 0.139594 0.397379
483 0.1396 0.358962
360 0.139597 0.380579
412 0.139601 0.361506
336 0.139596 0.375329
300 0.139605 0.359134
420 0.139582 0.346077
373 0.139601 0.368974
521 0.139593 0.376578
424 0.139601 0.337112
378 0.1396 0.371498
350 0.139619 0.357092
347 0.1396 0.36291
657 0.139601 0.373412
512 0.139605 0.387087
574 0.139597 0.370509
461 0.139607 0.364544
336 0.139595 0.354499
325 0.139599 0.348794
515 0.139598 0.387516
566 0.139603 0.361922
629 0.139586 0.365
420 0.1396 0.367812
471 0.139603 0.363136
396 0.139596 0.380124
520 0.139601 0.354989
543 0.139596 0.368006
496 0.139601 0.36197
655 0.139606 0.37515
543 0.139596 0.349026
624 0.139601 0.365971
373 0.139597 0.349929
491 0.139614 0.370536
573 0.139603 0.353922
393 0.139596 0.368026
577 0.139599 0.365931
446 0.139612 0.363835
465 0.139599 0.376233
557 0.139598 0.367188
465 0.1396 0.378819
417 0.139603 0.361449
445 0.139602 0.368773
441 0.139596 0.366536
268 0.1396 0.356818
332 0.139603 0.360734
388 0.139606 0.338252
340 0.139607 0.351147
429 0.139602 0.363191
500 0.139604 0.345633
428 0.139609 0.372708
422 0.139605 0.343915
406 0.139597 0.363001
588 0.139598 0.361394
362 0.139598 0.379933
374 0.1396 0.362548
394 0.1396 0.362183
449 0.139601 0.358466
391 0.139601 0.363318
428 0.139599 0.364066
469 0.139593 0.353807
469 0.139595 0.354799
387 0.13961 0.346616
539 0.139604 0.34825
251 0.1396 0.336497
618 0.139604 0.378181
494 0.139601 0.36819
383 0.139597 0.356837
485 0.139597 0.367732
396 0.139603 0.363763
425 0.139602 0.339679
350 0.139596 0.393548
373 0.139603 0.344951
478 0.139595 0.341169
345 0.139605 0.38568
522 0.139597 0.380411
463 0.139601 0.360643
415 0.139596 0.349672
425 0.139605 0.355187
533 0.139599 0.348304
365 0.139606 0.34418
390 0.1396 0.350072
350 0.139585 0.415307
432 0.1396 0.369356
395 0.139601 0.385363
480 0.139602 0.34996
543 0.139601 0.378561
486 0.139604 0.361275
526 0.139601 0.369449
334 0.139599 0.359275
327 0.139599 0.353762
434 0.139602 0.357298
588 0.1396 0.363796
509 0.139601 0.369985
431 0.139597 0.386874
649 0.139603 0.350401
411 0.139599 0.356937
378 0.139604 0.36997
468 0.139597 0.359666
492 0.139599 0.354456
393 0.139597 0.38613
621 0.139597 0.37931
525 0.139606 0.361726
405 0.139602 0.346889
484 0.139604 0.362554
408 0.139606 0.35014
751 0.139603 0.356305
545 0.139597 0.367993
504 0.13961 0.364025
361 0.139604 0.361365
317 0.139595 0.348368
356 0.139596 0.369884
567 0.139595 0.370733
347 0.139603 0.354753
514 0.139603 0.358679
406 0.139597 0.360757
339 0.139607 0.344858
351 0.139602 0.34485
471 0.139595 0.368579
675 0.139599 0.355579
303 0.139585 0.350431
790 0.139599 0.373365
420 0.139597 0.340161
616 0.139602 0.359412
395 0.139598 0.355223
430 0.139599 0.355098
641 0.139606 0.36611
339 0.139604 0.362841
371 0.139598 0.340497
460 0.139598 0.374392
337 0.139603 0.362583
413 0.139598 0.325951
408 0.1396 0.345592
511 0.139602 0.364846
449 0.139603 0.349701
329 0.139596 0.377015
296 0.1396 0.365463
353 0.139601 0.377853
385 0.139598 0.353105
470 0.139601 0.401481
640 0.139599 0.348549
501 0.139595 0.36239
646 0.139599 0.366161
460 0.1396 0.353016
352 0.139598 0.36137
430 0.139597 0.367881
610 0.139602 0.363738
619 0.139602 0.373698
512 0.139601 0.381552
420 0.139606 0.357444
242 0.139603 0.353993
449 0.139602 0.374918
375 0.139605 0.346234
253 0.1396 0.357918
528 0.139596 0.365277
445 0.139599 0.369275
500 0.139596 0.380539
288 0.139593 0.328891
692 0.139595 0.367699
356 0.139588 0.358106
416 0.139604 0.372669
311 0.139596 0.361763
332 0.1396 0.371976
568 0.139598 0.362201
352 0.139606 0.344143
376 0.139601 0.379873
618 0.139602 0.369668
341 0.139612 0.355671
318 0.139593 0.352663
586 0.139594 0.347572
561 0.139597 0.374078
485 0.139594 0.365904
523 0.139604 0.36423
578 0.139602 0.360306
394 0.139604 0.384492
376 0.1396 0.347735
477 0.1396 0.347165
458 0.1396 0.367876
366 0.139603 0.329149
345 0.139604 0.38682
420 0.139595 0.375078
527 0.139606 0.359699
462 0.139598 0.381949
551 0.1396 0.36068
467 0.139606 0.34835
524 0.139602 0.369921
462 0.139601 0.375197
529 0.139601 0.380726
363 0.139599 0.387521
414 0.139596 0.363151
523 0.139601 0.358569
327 0.139604 0.371311
413 0.139608 0.376912
466 0.1396 0.365124
372 0.139601 0.345994
663 0.139602 0.352735
393 0.139592 0.367739
420 0.1396 0.37102
518 0.139602 0.375607
420 0.139607 0.400047
534 0.139601 0.360047
400 0.13961 0.363444
381 0.1396 0.38418
524 0.139603 0.367604
562 0.139597 0.352835
389 0.139602 0.342601
506 0.139596 0.369868
485 0.139605 0.355433
405 0.139599 0.370001
344 0.139597 0.366079
510 0.139604 0.369779
471 0.139605 0.353001
694 0.139599 0.37062
568 0.139595 0.354805
571 0.139594 0.366983
535 0.139596 0.36398
639 0.1396 0.36221
531 0.139602 0.365986
386 0.139589 0.376354
564 0.139597 0.372669
395 0.139596 0.356001
518 0.139601 0.371088
513 0.139596 0.38561
452 0.139597 0.372169
461 0.139595 0.347919
401 0.139603 0.348564
435 0.139598 0.350875
608 0.139598 0.358562
532 0.139603 0.355991
300 0.139601 0.360665
486 0.139598 0.346321
353 0.139598 0.374452
515 0.139601 0.351366
382 0.139602 0.359479
466 0.139601 0.363438
573 0.139598 0.375366
442 0.139595 0.350857
433 0.139609 0.348801
430 0.139598 0.37064
383 0.139607 0.358291
808 0.139601 0.364591
357 0.139596 0.345972
468 0.139603 0.373223
605 0.139598 0.359477
474 0.139595 0.376212
415 0.139606 0.365297
618 0.139606 0.359954
436 0.139597 0.37214
359 0.139599 0.377045
505 0.139602 0.384212
351 0.139604 0.360233
437 0.139601 0.365478
577 0.1396 0.363132
412 0.139597 0.368895
443 0.139599 0.364583
473 0.1396 0.363562
387 0.139596 0.350704
385 0.139602 0.361423
471 0.139599 0.370082
461 0.139593 0.369972
559 0.139582 0.376251
345 0.139598 0.3567
644 0.1396 0.393103
440 0.1396 0.345274
391 0.139593 0.358384
392 0.139615 0.351338
618 0.139598 0.407179
417 0.139599 0.339646
585 0.139603 0.363078
455 0.139606 0.372379
470 0.139599 0.365413
442 0.139601 0.368175
475 0.1396 0.384505
457 0.1396 0.339104
449 0.139601 0.360307
611 0.139597 0.366004
384 0.139597 0.361803
527 0.139603 0.362749
371 0.139602 0.363159
331 0.139602 0.365451
624 0.1396 0.353406
456 0.139604 0.360238
400 0.139594 0.373211
398 0.1396 0.37653
367 0.139589 0.368146
486 0.139599 0.383977
394 0.1396 0.384212
439 0.139601 0.360621
371 0.139595 0.358598
436 0.139598 0.39278
397 0.139601 0.368185
692 0.139597 0.37191
505 0.139596 0.351572
399 0.139602 0.355245
595 0.139598 0.379891
330 0.139605 0.353469
604 0.1396 0.379331
489 0.139603 0.34958
469 0.139593 0.392497
318 0.139603 0.351245
475 0.139601 0.36713
421 0.139601 0.359278
392 0.139608 0.336977
344 0.139597 0.357164
342 0.139605 0.360379
496 0.139604 0.376218
530 0.139599 0.363533
534 0.139611 0.372742
541 0.139602 0.376241
353 0.139589 0.359211
394 0.139594 0.333605
604 0.139595 0.362852
574 0.139593 0.361082
422 0.139603 0.360579
571 0.1396 0.38092
385 0.139608 0.367623
497 0.1396 0.367598
464 0.139599 0.342642
446 0.139601 0.366621
456 0.139593 0.360259
469 0.139596 0.363037
304 0.139593 0.328572
332 0.139601 0.360791
377 0.139599 0.351952
567 0.139603 0.379872
527 0.139592 0.381566
409 0.139604 0.361043
454 0.139595 0.360559
337 0.1396 0.344644
506 0.139603 0.380045
459 0.1396 0.348185
515 0.1396 0.358905
432 0.139603 0.363414
342 0.139597 0.387843
440 0.139598 0.379942
338 0.139603 0.339855
441 0.139598 0.349195
423 0.139603 0.367942
364 0.139601 0.385127
433 0.139598 0.365994
419 0.139595 0.327515
295 0.139603 0.361316
334 0.139599 0.388271
396 0.139606 0.346932
622 0.139603 0.360181
466 0.139598 0.371888
461 0.139604 0.36317
522 0.139601 0.376678
419 0.139592 0.38137
415 0.139606 0.384736
301 0.139594 0.349671
476 0.139603 0.3796
535 0.139608 0.37069
432 0.139606 0.369415
596 0.139598 0.352569
525 0.1396 0.380477
474 0.139598 0.354816
462 0.139592 0.385426
741 0.1396 0.353138
311 0.139611 0.363206
362 0.139602 0.382475
326 0.1396 0.364547
516 0.139605 0.36714
476 0.139596 0.374604
355 0.139598 0.345775
421 0.139599 0.336425
396 0.139601 0.364591
549 0.139604 0.371643
698 0.139603 0.371114
465 0.139602 0.351116
436 0.139591 0.355172
460 0.139599 0.382854
393 0.139596 0.343617
460 0.139599 0.349256
333 0.139599 0.347323
519 0.139607 0.343443
413 0.139608 0.346813
530 0.139596 0.359997
519 0.139602 0.372011
446 0.139602 0.345108
379 0.139606 0.351871
344 0.1396 0.384467
580 0.139597 0.375242
424 0.139599 0.351173
531 0.139601 0.36978
488 0.139597 0.357124
388 0.139601 0.368456
436 0.139603 0.348468
529 0.1396 0.363704
412 0.1396 0.327536
397 0.139593 0.365915
525 0.139599 0.365669
408 0.139603 0.3366
410 0.139601 0.363039
489 0.1396 0.367423
367 0.139594 0.33715
606 0.139602 0.368206
417 0.139606 0.33827
455 0.139602 0.348724
402 0.1396 0.369556
561 0.139597 0.383457
564 0.139601 0.366173
663 0.1396 0.354761
396 0.139603 0.362466
399 0.139603 0.348938
349 0.139607 0.385929
514 0.139596 0.355999
438 0.13959 0.376155
604 0.139602 0.361899
341 0.139603 0.361999
387 0.139599 0.363849
636 0.139601 0.358495
433 0.139599 0.370889
394 0.139585 0.399012
495 0.1396 0.381126
576 0.1396 0.364228
381 0.139601 0.371312
432 0.139599 0.357066
490 0.139598 0.38281
465 0.139599 0.358043
494 0.139608 0.352654
501 0.139601 0.360052
568 0.139594 0.367219
446 0.139603 0.341912
352 0.139598 0.359232
465 0.139602 0.376604
411 0.139595 0.360636
323 0.139606 0.33133
424 0.139603 0.348785
304 0.139599 0.369026
404 0.1396 0.361336
388 0.139603 0.347751
228 0.139598 0.340241
508 0.1396 0.36486
403 0.1396 0.377502
450 0.1396 0.378251
531 0.139602 0.380573
410 0.1396 0.361735
594 0.139606 0.350742
418 0.1396 0.365403
505 0.139601 0.381727
435 0.139602 0.37082
458 0.139601 0.360222
473 0.139604 0.364736
283 0.139603 0.357718
286 0.139605 0.355825
410 0.139602 0.340601
630 0.139596 0.361673
425 0.139602 0.361893
524 0.139596 0.373294
