177 0.939447 0.189351
186 0.939422 0.202106
200 0.939347 0.20684
182 0.939475 0.135684
193 0.939213 0.24817
188 0.939382 0.17323
187 0.93932 0.222451
185 0.941951 0.218218
204 0.939156 0.275835
180 0.939353 0.190147
188 0.939377 0.203474
199 0.939352 0.194738
207 0.939199 0.25786
200 0.939296 0.22018
175 0.939454 0.134114
199 0.93922 0.22417
193 0.93931 0.187314
195 0.939245 0.205127
187 0.939377 0.171938
208 0.939188 0.261079
176 0.939503 0.165423
211 0.939211 0.252082
187 0.939265 0.219502
195 0.939194 0.222949
194 0.939367 0.184993
185 0.939341 0.166881
194 0.939274 0.231828
187 0.939297 0.250828
194 0.942514 0.231049
190 0.939267 0.242851
187 0.939249 0.249801
183 0.944363 0.180077
202 0.939326 0.234746
208 0.939182 0.2108
189 0.939341 0.179695
182 0.93935 0.165424
202 0.939202 0.273572
205 0.939222 0.221604
200 0.939214 0.221109
180 0.939499 0.139379
184 0.939469 0.195415
202 0.939298 0.17579
174 0.939606 0.112965
192 0.939347 0.189461
200 0.941798 0.251936
188 0.939241 0.243016
178 0.938972 0.224049
193 0.939343 0.189427
191 0.939344 0.198918
188 0.939365 0.204231
181 0.939524 0.120655
203 0.939214 0.23377
210 0.939167 0.231967
203 0.939113 0.315612
193 0.939265 0.249987
203 0.939226 0.23881
197 0.939312 0.194685
184 0.939379 0.160514
198 0.939365 0.204459
189 0.939413 0.177629
181 0.939167 0.296428
196 0.939295 0.205065
185 0.93943 0.190636
197 0.939356 0.203497
191 0.939348 0.213483
194 0.939285 0.179849
183 0.939372 0.177009
188 0.939339 0.193337
198 0.939338 0.205619
188 0.939321 0.189409
195 0.939286 0.198692
216 0.939143 0.279769
190 0.939445 0.15636
179 0.939396 0.179911
189 0.939395 0.160119
201 0.93919 0.220642
185 0.939404 0.160157
182 0.939455 0.160213
190 0.939289 0.181165
198 0.939266 0.216893
205 0.944502 0.253435
168 0.939517 0.148714
187 0.939294 0.207638
213 0.939206 0.276965
187 0.939297 0.196588
192 0.939387 0.162318
181 0.939285 0.197384
178 0.939381 0.187418
204 0.939214 0.250084
191 0.939331 0.206348
188 0.939366 0.183492
199 0.939024 0.264195
185 0.939337 0.213235
191 0.939436 0.14698
186 0.939329 0.201933
209 0.939127 0.269781
189 0.939266 0.23765
216 0.93919 0.272745
192 0.939275 0.242545
176 0.939406 0.185199
199 0.939277 0.212196
184 0.939564 0.129457
177 0.939423 0.182074
188 0.939418 0.146949
200 0.939906 0.198223
193 0.939296 0.243733
197 0.939452 0.228319
174 0.939382 0.163555
203 0.939145 0.229432
201 0.939178 0.260802
202 0.939332 0.238498
179 0.939468 0.16417
175 0.939471 0.152853
172 0.9395 0.142985
187 0.939439 0.171427
189 0.939286 0.222412
181 0.939386 0.168821
191 0.939275 0.21571
190 0.939266 0.192248
185 0.939235 0.243367
189 0.939237 0.231767
178 0.939426 0.177132
183 0.939368 0.213807
197 0.939225 0.250514
207 0.939243 0.244074
182 0.939332 0.217714
188 0.939307 0.189658
189 0.939315 0.243255
191 0.93931 0.197979
200 0.939569 0.284753
204 0.939262 0.206543
184 0.939356 0.173889
197 0.939307 0.18667
191 0.939323 0.227465
192 0.939459 0.180354
162 0.93955 0.138389
195 0.939212 0.260014
177 0.939315 0.221963
175 0.939493 0.171314
190 0.939222 0.232177
179 0.939349 0.221807
221 0.939121 0.271422
216 0.939183 0.270377
189 0.939363 0.194666
187 0.939408 0.154272
197 0.939245 0.261429
180 0.939386 0.179153
182 0.939437 0.183879
203 0.939299 0.193804
204 0.939295 0.20883
188 0.939181 0.233268
185 0.939378 0.177938
192 0.939363 0.205404
188 0.939303 0.217342
195 0.939342 0.171684
206 0.939247 0.282212
184 0.939422 0.154693
203 0.93912 0.257469
179 0.939471 0.156208
203 0.939262 0.220604
183 0.93934 0.218602
197 0.939499 0.180083
188 0.939395 0.163219
217 0.939166 0.252545
201 0.939407 0.18879
206 0.939183 0.244109
190 0.939241 0.217629
204 0.939251 0.225278
175 0.939441 0.166423
189 0.939345 0.2103
185 0.939361 0.18937
194 0.93924 0.230687
187 0.939419 0.197561
186 0.939402 0.204574
200 0.939195 0.263612
184 0.939336 0.201043
176 0.939382 0.18185
188 0.939426 0.186897
184 0.939361 0.149327
190 0.956352 0.208742
187 0.939297 0.227837
193 0.939402 0.157602
194 0.939432 0.209063
209 0.939305 0.238775
176 0.93945 0.134529
194 0.939346 0.18372
184 0.939357 0.153258
187 0.939276 0.23138
202 0.939162 0.256363
193 0.939315 0.209337
189 0.939386 0.197962
189 0.939279 0.20741
193 0.939991 0.188511
180 0.939502 0.13569
184 0.939366 0.206229
190 0.939399 0.173283
199 0.939247 0.21974
172 0.939509 0.145366
190 0.939378 0.201741
206 0.939156 0.284569
192 0.939302 0.192084
174 0.939523 0.144094
187 0.939378 0.179813
187 0.939332 0.212769
172 0.939506 0.133225
205 0.939162 0.265721
190 0.939288 0.205775
193 0.939339 0.201997
163 0.93961 0.117305
193 0.93937 0.198125
196 0.9393 0.218092
187 0.939361 0.19402
189 0.940297 0.184444
204 0.939206 0.211257
172 0.939446 0.162654
200 0.939314 0.194927
204 0.939149 0.266944
184 0.939426 0.159659
200 0.93928 0.223819
212 0.939195 0.263428
208 0.939246 0.214672
190 0.939306 0.235191
187 0.939327 0.183263
188 0.939236 0.243478
195 0.939322 0.168037
197 0.939299 0.224742
183 0.939319 0.212951
185 0.93931 0.212315
183 0.939596 0.208369
181 0.939279 0.182606
190 0.93932 0.233795
200 0.939154 0.285617
211 0.939307 0.200878
179 0.939472 0.150034
199 0.939188 0.234428
189 0.939331 0.189093
172 0.939465 0.147157
196 0.939134 0.27145
184 0.939332 0.202699
172 0.93938 0.209189
184 0.939465 0.185335
186 0.939398 0.165955
193 0.939366 0.192878
192 0.939408 0.193157
193 0.939298 0.191744
193 0.939268 0.22715
179 0.939498 0.142842
178 0.939465 0.139868
183 0.939443 0.168794
198 0.939309 0.22357
198 0.93922 0.252718
203 0.93918 0.263368
180 0.939428 0.143328
191 0.9404 0.180723
179 0.939351 0.222432
204 0.939274 0.226662
207 0.939196 0.220999
189 0.939355 0.198705
198 0.939293 0.226226
174 0.939439 0.143158
206 0.93928 0.22186
177 0.939503 0.139367
193 0.939358 0.198417
195 0.939266 0.179724
173 0.939518 0.116472
174 0.939581 0.110438
201 0.939282 0.222746
174 0.939196 0.248807
172 0.939519 0.134934
193 0.939329 0.212118
224 0.939313 0.295214
185 0.940335 0.221788
193 0.93929 0.199533
194 0.939292 0.218121
191 0.939372 0.213046
188 0.939387 0.193354
195 0.939319 0.199589
179 0.939504 0.145051
191 0.939407 0.14882
186 0.939383 0.178893
182 0.939364 0.163417
182 0.939326 0.233822
187 0.939337 0.184729
202 0.939266 0.235806
186 0.939393 0.156921
194 0.939169 0.264906
199 0.939378 0.181585
191 0.939323 0.191349
194 0.939282 0.203198
181 0.939401 0.140972
199 0.939222 0.232588
190 0.939368 0.156958
194 0.939284 0.214868
185 0.939371 0.166759
190 0.939415 0.178277
191 0.939379 0.175524
195 0.939302 0.223519
173 0.939325 0.21152
194 0.939306 0.193718
197 0.939168 0.260954
193 0.939335 0.196405
196 0.939309 0.213444
179 0.939422 0.161391
176 0.939433 0.160354
189 0.939394 0.205491
175 0.939412 0.180626
187 0.939512 0.120867
179 0.939472 0.13981
195 0.93925 0.230087
198 0.939247 0.225298
183 0.939362 0.179789
184 0.939379 0.178694
195 0.93933 0.190764
216 0.939159 0.261266
190 0.939305 0.222748
201 0.939222 0.236497
187 0.940288 0.203929
202 0.939237 0.24468
188 0.93929 0.215444
202 0.939104 0.288673
224 0.939129 0.270176
188 0.939355 0.163202
190 0.939615 0.212238
194 0.939387 0.186408
210 0.939179 0.291563
206 0.93913 0.274468
194 0.939349 0.181688
208 0.939126 0.271347
171 0.939539 0.112793
191 0.939169 0.259483
197 0.939228 0.248566
183 0.939457 0.156074
182 0.939453 0.16332
173 0.939484 0.167298
206 0.939234 0.228822
175 0.939367 0.206242
188 0.93935 0.190263
183 0.939317 0.195099
184 0.939327 0.21878
190 0.939395 0.190551
179 0.939326 0.215659
178 0.939328 0.206955
175 0.939388 0.168143
176 0.939381 0.192406
177 0.939395 0.165549
200 0.939139 0.275155
174 0.939398 0.178496
184 0.939423 0.162802
182 0.939275 0.196305
197 0.939338 0.221829
192 0.939258 0.202063
190 0.939274 0.239895
216 0.939208 0.262665
184 0.939372 0.178782
184 0.939274 0.275175
171 0.93955 0.112263
213 0.939228 0.243488
198 0.939335 0.211882
193 0.939331 0.184489
202 0.939344 0.174791
184 0.939405 0.172769
197 0.939298 0.202662
176 0.93957 0.0909752
194 0.939168 0.286351
187 0.939354 0.196957
195 0.939283 0.222686
183 0.939272 0.223723
212 0.939137 0.286726
187 0.939334 0.177526
199 0.93946 0.243859
188 0.939422 0.155737
192 0.941017 0.267611
192 0.939283 0.217139
180 0.93943 0.16993
175 0.93954 0.139645
182 0.939363 0.216625
200 0.94141 0.234641
180 0.939302 0.227983
185 0.939393 0.178223
189 0.939275 0.24031
181 0.939426 0.163644
183 0.939466 0.14926
184 0.939238 0.202182
188 0.939314 0.227625
176 0.939561 0.206296
184 0.939455 0.179775
205 0.939226 0.249592
185 0.939371 0.194294
198 0.939274 0.254009
177 0.939537 0.116355
187 0.939418 0.146492
195 0.939362 0.189134
186 0.939421 0.18762
171 0.939432 0.120466
176 0.939376 0.178636
194 0.939442 0.147718
212 0.939152 0.288942
186 0.939398 0.169942
188 0.939378 0.189357
180 0.939406 0.209018
187 0.939204 0.264751
182 0.939341 0.220387
182 0.939459 0.143965
196 0.939118 0.267429
188 0.939344 0.208646
195 0.939229 0.251812
207 0.939085 0.278787
185 0.93938 0.200371
187 0.939387 0.178039
185 0.939409 0.19592
195 0.939382 0.203482
202 0.939276 0.204227
181 0.939206 0.221841
180 0.939337 0.188252
193 0.939252 0.187497
198 0.939177 0.290155
192 0.94075 0.22206
193 0.939327 0.173687
183 0.943106 0.220432
189 0.939254 0.247917
195 0.93925 0.236013
187 0.939387 0.179326
193 0.939346 0.203886
173 0.939561 0.0915381
180 0.93941 0.15689
185 0.939357 0.172281
202 0.939253 0.217506
179 0.939445 0.168026
204 0.939099 0.251803
181 0.939462 0.150783
202 0.939398 0.175587
187 0.939451 0.19301
188 0.939352 0.21013
184 0.939482 0.138828
175 0.939478 0.155135
185 0.939319 0.253506
190 0.939276 0.241066
191 0.939305 0.197148
189 0.939374 0.201691
184 0.939324 0.221469
195 0.939404 0.221838
181 0.9394 0.181866
195 0.939341 0.186771
185 0.939377 0.176804
192 0.939304 0.202873
195 0.939245 0.237325
176 0.939519 0.138964
202 0.939292 0.230446
176 0.939411 0.150907
185 0.939374 0.174784
191 0.939162 0.231973
194 0.939267 0.199698
194 0.939366 0.18621
197 0.939242 0.266799
171 0.939393 0.172378
185 0.939397 0.17973
201 0.939303 0.216638
199 0.939258 0.236541
194 0.93935 0.212009
199 0.939258 0.222409
192 0.93926 0.215459
182 0.939644 0.180193
195 0.939267 0.226841
185 0.939257 0.235438
196 0.939338 0.192092
202 0.939273 0.218596
195 0.939291 0.251396
204 0.939171 0.259292
194 0.939342 0.19947
192 0.939271 0.204029
194 0.939285 0.204318
195 0.93913 0.280473
166 0.939285 0.21687
198 0.939339 0.18169
187 0.93977 0.207422
170 0.939594 0.0991218
186 0.939449 0.133943
184 0.939402 0.156866
183 0.939373 0.196407
178 0.939549 0.227494
194 0.939276 0.214927
199 0.939266 0.191343
169 0.93949 0.148139
192 0.939288 0.214061
190 0.939328 0.176653
190 0.93928 0.225601
202 0.93923 0.233019
182 0.939408 0.197609
196 0.939183 0.244925
192 0.939368 0.204483
190 0.939271 0.240324
170 0.939371 0.200905
181 0.939378 0.185349
197 0.939323 0.212042
199 0.939314 0.202902
204 0.939301 0.243649
203 0.939201 0.266256
206 0.939098 0.267041
188 0.939309 0.219449
186 0.939316 0.18665
184 0.939251 0.212884
192 0.939212 0.28518
191 0.951722 0.241967
185 0.939279 0.238619
191 0.944286 0.129362
200 0.939247 0.237514
188 0.939282 0.191637
188 0.939324 0.245006
202 0.939219 0.248077
193 0.939319 0.182425
191 0.939495 0.123174
202 0.939154 0.266523
183 0.939374 0.214208
199 0.939225 0.261101
191 0.939365 0.20213
204 0.939303 0.231517
181 0.939393 0.169093
175 0.939397 0.169844
192 0.939323 0.218453
194 0.939457 0.224351
184 0.939408 0.164758
180 0.939463 0.140517
177 0.939343 0.196522
192 0.939399 0.165906
194 0.939338 0.202368
202 0.939301 0.207287
194 0.9393 0.219979
207 0.939285 0.206621
189 0.939438 0.185507
192 0.939398 0.198029
179 0.939448 0.141282
194 0.939297 0.234573
190 0.939263 0.24224
182 0.939394 0.193112
188 0.939321 0.186498
191 0.939416 0.196123
185 0.939287 0.187003
185 0.939331 0.144924
189 0.939249 0.256334
189 0.939251 0.232581
183 0.939508 0.137586
196 0.939307 0.217277
191 0.939343 0.182199
198 0.939153 0.2304
212 0.940945 0.245009
205 0.939194 0.244279
181 0.956041 0.178638
189 0.939325 0.181358
209 0.939106 0.273547
186 0.939583 0.208249
200 0.941184 0.231016
210 0.939233 0.276186
214 0.93921 0.242376
179 0.939448 0.176013
189 0.939324 0.167772
193 0.939375 0.186828
191 0.939413 0.149226
179 0.940088 0.192741
194 0.939297 0.201053
205 0.939283 0.190168
185 0.939341 0.182383
183 0.939426 0.201721
185 0.939359 0.194711
174 0.939462 0.18409
205 0.939206 0.239838
198 0.939291 0.212588
211 0.939161 0.258801
200 0.939233 0.237537
197 0.939398 0.148859
172 0.939538 0.174109
199 0.939253 0.188745
202 0.939236 0.259574
209 0.939184 0.260504
199 0.93931 0.203826
182 0.939376 0.212947
191 0.93934 0.16889
172 0.939348 0.175955
187 0.939233 0.239529
189 0.939288 0.234924
212 0.939154 0.263057
205 0.939753 0.248477
211 0.939129 0.253069
172 0.939499 0.131948
195 0.939262 0.213859
197 0.939225 0.270111
188 0.939395 0.173031
197 0.939244 0.195554
200 0.939227 0.263353
191 0.939336 0.186812
199 0.939164 0.235322
194 0.939369 0.171158
195 0.939317 0.203736
187 0.939376 0.1649
202 0.939303 0.200785
179 0.93949 0.128514
178 0.939487 0.128042
186 0.939528 0.214178
187 0.939386 0.186494
180 0.939386 0.222529
198 0.939239 0.204918
189 0.93934 0.190088
184 0.93937 0.178023
191 0.939344 0.186606
203 0.939165 0.296462
183 0.939324 0.20291
184 0.939376 0.189717
184 0.939419 0.170322
191 0.939295 0.22876
172 0.939462 0.159417
181 0.939395 0.183399
203 0.939312 0.247839
184 0.939319 0.187921
174 0.939634 0.138112
192 0.939238 0.208928
178 0.939532 0.11505
201 0.939221 0.247318
192 0.939212 0.230889
191 0.939395 0.205742
195 0.939288 0.248745
187 0.939249 0.237293
194 0.939383 0.180044
162 0.939481 0.167394
184 0.939378 0.176103
195 0.939345 0.220694
177 0.939482 0.148544
198 0.939265 0.198635
197 0.9397 0.227966
192 0.939496 0.17377
180 0.939386 0.175558
213 0.939176 0.28517
180 0.939385 0.173315
175 0.939537 0.123722
192 0.939427 0.175747
196 0.939275 0.230313
186 0.939354 0.202212
200 0.939236 0.272599
202 0.93923 0.246586
197 0.939318 0.189809
201 0.939327 0.222298
183 0.939385 0.161222
177 0.9394 0.17393
177 0.93935 0.212106
202 0.939253 0.247903
189 0.939338 0.201734
192 0.939318 0.175361
189 0.939172 0.264599
187 0.939346 0.177918
181 0.939411 0.172047
185 0.939749 0.215852
184 0.939401 0.232712
173 0.939424 0.162539
205 0.939185 0.264049
199 0.939192 0.252021
172 0.939464 0.156868
192 0.939335 0.212295
193 0.939312 0.199222
228 0.939098 0.329348
200 0.939233 0.219112
196 0.939297 0.242782
185 0.939411 0.16941
180 0.940629 0.161026
179 0.939476 0.173027
194 0.939251 0.219606
179 0.939486 0.137103
196 0.93928 0.235226
180 0.939378 0.197007
179 0.939349 0.18244
175 0.939524 0.137651
197 0.939348 0.213196
200 0.939172 0.288563
190 0.939403 0.164418
212 0.939145 0.265836
184 0.939347 0.175202
210 0.939168 0.257198
184 0.939389 0.174278
192 0.939509 0.237628
191 0.939219 0.228146
189 0.939438 0.159947
192 0.939676 0.204645
203 0.939245 0.241882
171 0.939525 0.123972
195 0.939312 0.219107
185 0.93933 0.210221
194 0.939266 0.225618
187 0.939293 0.216929
186 0.939395 0.155262
181 0.939468 0.134204
174 0.939492 0.154163
201 0.939176 0.219722
190 0.939366 0.19023
200 0.939308 0.265632
207 0.939241 0.244478
194 0.939223 0.248707
184 0.939352 0.197846
193 0.939339 0.190326
184 0.939359 0.195227
212 0.939101 0.27032
206 0.939212 0.264166
194 0.939276 0.240753
181 0.939374 0.175621
163 0.939618 0.0882616
185 0.93938 0.209176
178 0.939416 0.17012
175 0.939549 0.127414
190 0.939318 0.206814
198 0.939278 0.224085
201 0.939314 0.210024
189 0.939377 0.182582
223 0.939059 0.298996
178 0.939423 0.175139
178 0.939354 0.174646
186 0.939405 0.155709
174 0.939501 0.121525
189 0.939207 0.225396
182 0.939422 0.166869
196 0.939283 0.219476
198 0.939168 0.26086
178 0.939416 0.166107
174 0.939486 0.158172
185 0.939231 0.239354
186 0.939328 0.219472
195 0.939288 0.217955
193 0.93924 0.225431
192 0.939179 0.298686
175 0.939401 0.182701
174 0.939481 0.172358
186 0.939341 0.190531
192 0.93936 0.171059
187 0.939395 0.168443
184 0.939423 0.18966
194 0.939341 0.202858
192 0.93929 0.185895
196 0.93932 0.206328
191 0.939241 0.271349
175 0.939348 0.197139
204 0.939253 0.226387
190 0.939328 0.161024
186 0.939196 0.265982
176 0.939424 0.15815
185 0.939386 0.170068
197 0.939219 0.226619
186 0.93942 0.183442
200 0.939257 0.232003
183 0.939373 0.212216
185 0.939286 0.221074
198 0.93917 0.274745
187 0.939386 0.160251
191 0.939365 0.19377
186 0.939235 0.240378
201 0.939332 0.210713
198 0.939236 0.253024
187 0.939375 0.203715
187 0.939367 0.183471
201 0.939252 0.208725
194 0.939249 0.220724
195 0.939322 0.198716
214 0.93919 0.233997
186 0.939243 0.248926
188 0.939546 0.146031
172 0.939436 0.16815
202 0.939244 0.2441
198 0.939232 0.208141
213 0.939103 0.27788
197 0.939191 0.250811
195 0.939188 0.227125
203 0.939262 0.183445
193 0.939197 0.252649
199 0.939193 0.232593
190 0.939331 0.23859
209 0.939182 0.256529
190 0.939345 0.219706
208 0.939288 0.214126
197 0.93933 0.179196
173 0.939969 0.16247
189 0.939348 0.173825
191 0.939329 0.219092
190 0.939352 0.173562
195 0.939219 0.212181
177 0.939279 0.207332
172 0.939533 0.119784
194 0.93929 0.209161
178 0.939474 0.192973
185 0.93932 0.206642
180 0.939412 0.143444
196 0.939297 0.191449
208 0.939224 0.238792
184 0.9393 0.230659
184 0.939263 0.2096
183 0.939323 0.190434
183 0.939381 0.165677
197 0.939096 0.286033
186 0.93946 0.162097
181 0.939331 0.206814
200 0.939213 0.256526
193 0.939286 0.196203
185 0.939363 0.17567
196 0.939217 0.209004
171 0.939381 0.169124
192 0.939404 0.164003
195 0.939304 0.200537
185 0.939431 0.159571
177 0.939292 0.165092
193 0.939313 0.197301
187 0.939349 0.204789
190 0.939307 0.187513
177 0.939406 0.1559
184 0.939401 0.164508
190 0.939367 0.180687
199 0.939254 0.209541
187 0.939228 0.217012
191 0.939243 0.227531
177 0.939489 0.132285
204 0.939188 0.266351
190 0.939334 0.222438
179 0.939493 0.146742
194 0.939272 0.193133
196 0.939221 0.218159
179 0.939427 0.143919
208 0.939145 0.267798
180 0.939382 0.186536
193 0.939394 0.160184
201 0.939338 0.216617
178 0.939388 0.171052
189 0.939212 0.211399
201 0.939297 0.227653
207 0.939179 0.239077
178 0.939416 0.139731
199 0.939288 0.22826
187 0.942522 0.167461
191 0.939334 0.21706
202 0.939121 0.306104
182 0.939382 0.1855
203 0.939296 0.213811
176 0.93942 0.185933
208 0.939231 0.238626
174 0.93934 0.207203
185 0.939399 0.168581
182 0.939335 0.195467
181 0.93939 0.187334
177 0.939368 0.191095
195 0.939311 0.222293
192 0.93917 0.251804
194 0.939283 0.183205
187 0.939343 0.226498
204 0.939237 0.261726
191 0.939382 0.186906
209 0.939158 0.27806
187 0.939296 0.189298
208 0.939253 0.254226
179 0.939453 0.173332
198 0.939317 0.217618
192 0.939284 0.227076
173 0.939416 0.19035
183 0.939437 0.180424
181 0.939369 0.16304
211 0.939234 0.201228
204 0.939202 0.219251
197 0.939144 0.269746
201 0.939224 0.235286
187 0.939403 0.179715
190 0.939351 0.172997
190 0.93915 0.284287
214 0.939137 0.26346
186 0.939338 0.192014
186 0.939206 0.266654
195 0.939339 0.174937
206 0.939241 0.260936
181 0.939379 0.198275
192 0.939258 0.18932
183 0.939295 0.255506
193 0.939269 0.198831
179 0.939378 0.186832
185 0.939502 0.164194
189 0.939353 0.21167
200 0.939221 0.235919
189 0.939269 0.187136
193 0.939322 0.204159
185 0.939304 0.231779
191 0.93942 0.181281
199 0.93924 0.214508
192 0.939304 0.211837
193 0.939173 0.270221
192 0.939325 0.203432
186 0.939534 0.114098
193 0.9393 0.224741
171 0.939499 0.131552
192 0.939414 0.176837
192 0.939341 0.203368
183 0.939414 0.1718
175 0.939383 0.183703
193 0.939366 0.193886
181 0.939413 0.176365
180 0.939461 0.168756
209 0.942547 0.219977
207 0.939107 0.248161
191 0.939335 0.184772
188 0.939342 0.205893
200 0.939264 0.220834
201 0.939341 0.194877
189 0.939328 0.192409
176 0.940592 0.147716
200 0.939193 0.240229
194 0.939196 0.23095
187 0.939403 0.176674
190 0.939254 0.289839
206 0.939498 0.245932
190 0.939347 0.181716
181 0.939359 0.187928
216 0.939096 0.254816
176 0.939482 0.154753
172 0.939485 0.149741
178 0.939449 0.165497
189 0.939229 0.250186
190 0.93934 0.195712
184 0.939351 0.19436
195 0.939214 0.214444
186 0.939376 0.174368
183 0.939322 0.239393
198 0.939126 0.290087
197 0.939247 0.221077
181 0.93934 0.204113
180 0.949087 0.193355
181 0.93941 0.140459
192 0.939318 0.225603
182 0.939422 0.159796
184 0.93928 0.1963
209 0.939295 0.188207
180 0.939235 0.225085
187 0.939312 0.189456
189 0.939348 0.190382
193 0.9394 0.202957
165 0.939444 0.152514
195 0.939286 0.2798
195 0.939322 0.184387
184 0.939313 0.209364
190 0.939272 0.24363
177 0.939424 0.20179
178 0.939414 0.172231
197 0.939291 0.204527
190 0.939363 0.179823
177 0.939467 0.139815
204 0.939221 0.24417
189 0.939367 0.213824
192 0.939335 0.206089
192 0.939315 0.202305
181 0.939399 0.152758
207 0.939151 0.259243
174 0.939477 0.152231
208 0.939246 0.245417
193 0.939355 0.208785
199 0.939206 0.26695
191 0.939123 0.273179
207 0.939168 0.272501
204 0.939362 0.211204
192 0.939349 0.211971
188 0.939431 0.185848
192 0.939321 0.225473
177 0.939301 0.184975
194 0.939154 0.27308
181 0.939435 0.16993
173 0.939476 0.140567
194 0.939176 0.263416
190 0.939342 0.209375
180 0.939434 0.193119
210 0.939269 0.236235
194 0.939309 0.217898
192 0.93942 0.181171
190 0.93931 0.18284
189 0.939285 0.240286
189 0.939262 0.196876
209 0.939173 0.258654
197 0.939229 0.242688
213 0.939103 0.280106
197 0.939281 0.199229
190 0.939381 0.157539
180 0.939424 0.17063
195 0.939333 0.204018
185 0.93934 0.187673
177 0.939396 0.187871
176 0.939514 0.120335
184 0.93936 0.186217
184 0.939496 0.114222
176 0.939551 0.085966
192 0.939289 0.220297
193 0.939366 0.165797
193 0.939319 0.215252
195 0.939168 0.230322
185 0.939356 0.196903
203 0.93915 0.282757
184 0.93939 0.192504
196 0.939309 0.218502
184 0.939379 0.179304
183 0.939349 0.172686
194 0.939287 0.238849
181 0.939416 0.154787
178 0.939534 0.153582
169 0.939344 0.213653
189 0.93924 0.21808
184 0.939331 0.200449
187 0.939343 0.16635
