1 0 0.9383 -0.069538 0.067706 0.868755 5.76584 1.00734 14.9377 -1
1 1 0.9383 0.155065 -0.006367 1.14641 6.4209 0.583163 12.1986 -1
1 1 0.9383 0.127878 0.003974 1.04171 6.37131 -0.14311 12.142 -1
1 1 0.9383 -0.046748 0.092098 0.897903 4.67308 1.11547 16.0535 -1
1 0 0.9383 -0.076895 0.01049 0.891094 7.68176 2.86257 15.1927 -1
1 0 0.9383 -0.112617 -0.045063 0.880552 4.99035 -0.790019 16.3827 -1
1 0 0.9383 0.159311 -0.019246 0.694796 5.78671 2.62109 16.0835 -1
1 0 0.9383 0.03511 -0.019407 0.803619 4.75344 -1.59655 15.8579 -1
1 0 0.9383 0.128807 -0.092106 1.11969 5.32668 0.895804 14.5339 6
1 1 0.9383 -0.060984 -0.064619 1.19759 6.48275 1.0747 15.5379 -1
1 1 0.9383 0.098595 -0.041811 0.775034 6.27323 1.50415 12.3872 -1
1 1 0.9383 0.001502 -0.006816 0.751866 5.05548 3.84516 15.818 -1
1 0 0.9383 0.182379 0.050229 1.23978 5.17453 -1.10448 14.5058 -7
1 0 0.9383 0.229022 0.062835 0.784897 7.43352 2.65893 11.4589 -4
1 0 0.9383 0.025346 0.019576 0.997568 6.71554 -0.563809 13.7419 -3
1 1 0.9383 0.155073 0.02135 0.696914 5.77368 2.30443 13.8289 -1
1 1 0.9383 0.055962 -0.120179 1.08157 6.10788 -1.43467 14.2398 -3
1 1 0.9383 0.206692 0.026066 0.930854 6.66607 -0.68581 13.9611 -1
1 0 0.9383 0.14345 0.01032 0.779785 7.16819 2.67197 11.9897 -4
1 0 0.9383 -0.000713 0.126097 1.04288 4.83864 1.64598 14.0938 -1
1 0 0.9383 0.197038 0.111828 0.92009 8.27769 0.141529 15.6317 -1
1 1 0.9383 -0.015132 -0.074823 0.898634 5.20495 -0.583357 14.262 -1
1 1 0.9383 0.097193 -0.080861 0.959156 7.44334 2.46474 15.4642 -1
1 0 0.9383 0.037037 0.111825 0.745133 6.14318 -1.59186 14.0604 -1
1 0 0.9383 -0.020583 -0.019574 0.807731 5.28333 2.76047 15.308 -3
1 0 0.9383 0.053451 -0.180014 0.931475 7.95395 -0.762516 16.6264 -1
1 0 0.9383 -0.021683 -0.093951 0.934654 4.5895 1.86066 13.5699 -1
1 1 0.9383 0.176973 0.100032 1.03337 6.74637 0.957941 15.8247 -1
1 1 0.9383 0.011408 -0.029166 0.876075 8.24127 -0.255541 16.3877 -1
1 1 0.9383 -0.044018 0.123441 0.843729 5.36705 4.15359 15.6189 -1
1 0 0.9383 0.140053 0.034411 1.09157 7.11581 1.49937 14.6927 -3
1 0 0.9383 0.106673 -0.119842 1.01314 8.29476 3.75661 15.151 -1
1 1 0.9383 0.105018 0.216736 1.00896 7.97687 2.86158 14.1882 -1
1 1 0.9383 0.137341 0.120172 1.00963 7.93844 3.38771 14.9697 -1
1 1 0.9383 0.02265 0.060494 0.759401 7.14192 2.2703 15.232 -1
1 1 0.9383 0.034377 0.154794 0.872338 8.18714 0.068626 16.1757 -1
1 0 0.9383 0.016214 0.042443 0.832487 6.51369 -0.95359 13.9414 -1
1 1 0.9383 0.075677 0.046327 1.06903 6.79937 -1.50369 16.7524 -1
1 1 0.9383 0.0388 0.003347 0.658264 7.62875 2.62053 14.6632 -2
1 1 0.9383 0.072127 -0.018329 0.745859 6.29501 -1.68054 17.3331 -1
1 0 0.9383 0.005523 0.180871 1.17064 5.56713 2.39166 15.6927 -1
1 0 0.9383 -0.081346 0.039763 0.760831 6.97617 -0.188022 15.7234 -1
1 0 0.9383 0.045949 -0.154582 0.797179 7.9269 0.67038 15.4691 -1
1 0 0.9383 0.279872 0.13592 0.878302 7.05387 2.64346 14.428 -3
1 0 0.9383 0.163972 -0.044396 0.772191 3.60761 1.06974 14.9439 -4
1 1 0.9383 0.086283 0.175862 1.10599 6.32562 3.1597 11.917 -1
1 1 0.9383 0.068309 -0.060611 0.882839 4.25617 2.72198 15.5821 -1
1 1 0.9383 0.002377 0.10327 0.820708 5.35488 1.31832 14.3988 -1
1 0 0.9383 -0.041547 -0.195319 1.1466 6.16816 -0.539041 15.0941 -1
1 0 0.9383 0.114434 0.242778 0.797604 5.58328 3.25698 11.9667 -2
1 0 0.9383 -0.106087 -0.040172 1.06807 5.60798 3.21053 14.6909 -1
1 0 0.9383 0.090427 -0.090255 1.11422 5.72065 1.66383 13.4923 -1
1 0 0.9383 0.066843 0.044974 0.638387 6.11588 3.06807 11.6607 -1
1 0 0.9383 0.018298 -0.198308 1.07575 7.42398 -0.619632 16.1218 -1
1 0 0.9383 0.010211 -0.110397 0.688687 6.25237 -1.54171 15.1332 -1
1 0 0.9383 0.102791 0.043553 0.981167 6.65982 -0.989896 15.725 -4
1 0 0.9383 -0.006816 0.133582 0.871702 4.97457 3.8342 15.9737 -1
1 0 0.9383 0.08934 0.155741 1.1626 8.36492 3.8166 15.3339 3
1 1 0.9383 0.014348 0.11385 0.985462 3.94961 0.68787 14.8615 -1
1 1 0.9383 -0.090122 0.09597 1.01153 5.86607 0.255999 15.1669 -1
1 0 0.9383 0.027657 0.000905 0.723125 6.52886 0.490352 12.693 -1
1 0 0.9383 -0.025196 -0.118493 0.985468 5.23576 1.54293 15.5629 -1
1 1 0.9383 -0.030796 -0.013988 0.993486 4.86373 2.96108 15.2519 -1
1 1 0.9383 -0.056567 -0.016426 0.790971 6.01382 3.23746 12.1943 -1
1 1 0.9383 0.165761 -0.005345 1.0759 7.08336 1.25904 13.9219 -1
1 0 0.9383 0.217249 -0.124223 1.10507 4.41814 0.744154 15.545 -2
1 1 0.9383 0.199164 0.044269 1.0457 4.77431 1.49669 14.4131 3
1 0 0.9383 0.279315 -0.101947 0.893834 7.21279 -0.975033 15.4999 4
1 1 0.9383 0.159851 0.039224 0.932698 5.26321 3.96735 15.876 -2
1 1 0.9383 -0.057054 -0.079611 1.06824 5.17228 1.3622 15.7959 -1
1 0 0.9383 0.029158 -0.14758 1.05581 8.00752 0.381729 15.3976 -1
1 0 0.9383 0.104364 -0.146755 0.857066 6.64989 -1.15675 16.2008 -1
1 0 0.9383 0.071078 0.009224 0.880103 5.5081 1.801 15.5598 -1
1 1 0.9383 -0.027308 -0.008732 0.776247 8.19888 2.43636 11.5157 -2
1 1 0.9383 0.085589 -0.065263 0.790548 5.2563 -1.54088 15.0761 -2
1 0 0.9383 0.187431 -0.060342 1.02615 6.6411 1.56993 15.4178 -1
1 0 0.9383 -0.02678 -0.094701 1.04651 5.83064 -1.21729 14.6568 -1
1 0 0.9383 0.067282 -0.099479 0.766594 5.61775 3.28615 11.4596 3
1 1 0.9383 -0.026582 0.053295 0.843916 6.07719 1.7505 13.3164 -1
1 1 0.9383 0.122071 -0.087706 1.063 5.45977 3.82263 15.369 -7
1 1 0.9383 0.199496 0.125616 0.876135 8.55431 2.45529 12.5561 -1
1 1 0.9383 0.026488 -0.012522 0.721429 5.93071 -0.877273 15.5424 -1
1 0 0.9383 -0.104832 -0.119837 0.983766 6.2906 -0.150422 13.1577 -1
1 0 0.9383 -0.07615 0.119391 1.1105 6.4145 -1.94341 17.0559 -1
1 1 0.9383 0.068487 -0.061934 1.28613 7.1385 1.51748 15.135 -1
1 1 0.9383 -0.049819 0.098731 0.987756 6.69705 -1.25483 15.1941 -1
1 1 0.9383 -0.050653 -0.065579 1.10772 6.68694 2.64906 14.1601 -1
1 1 0.9383 0.077274 -0.065735 0.924343 6.21021 -1.36336 16.4124 -1
1 0 0.9383 -0.069776 0.111039 0.917735 4.57484 1.70585 15.2356 -2
1 0 0.9383 0.11622 -0.002258 0.702744 5.64082 -1.55696 15.5494 -1
1 0 0.9383 0.162395 0.079436 1.19151 4.44572 1.26778 16.4133 -1
1 0 0.9383 0.166927 0.173751 0.919672 7.88244 2.15916 15.0352 -2
1 1 0.9383 -0.02341 -0.064109 0.914098 6.5982 2.66827 12.3447 -1
1 0 0.9383 -0.001245 0.119482 0.979302 7.48563 2.36492 14.3213 -3
1 0 0.9383 -0.009135 -0.087042 1.13667 7.37767 1.52101 13.1448 -1
1 0 0.9383 0.042736 -0.048882 0.705564 4.82824 1.6249 13.6213 -1
1 0 0.9383 0.157467 0.138676 1.05031 6.31015 -0.150097 14.1209 -2
1 1 0.9383 0.026326 0.173089 0.92751 6.39658 2.1547 13.3809 -1
1 0 0.9383 0.013361 0.16389 0.911451 7.31159 1.43016 13.6887 -1
1 1 0.9383 -0.103146 0.037308 1.03399 6.95387 0.416784 15.3147 -1
1 1 0.9383 0.139198 0.079196 0.802318 8.58377 -0.304948 16.5082 -1
1 1 0.9383 -0.079927 0.06154 1.22832 4.48851 2.17637 14.4479 -4
1 1 0.9383 -0.013981 -0.016447 0.956104 5.80942 0.51223 12.0767 -1
1 0 0.9383 0.037307 0.114332 1.01412 8.11856 1.22034 15.5524 -1
1 0 0.9383 0.158187 0.085367 0.949945 6.67726 0.689001 15.7304 -1
1 0 0.9383 -0.034089 -0.014233 1.11325 6.91332 0.969566 13.6647 -1
1 0 0.9383 -0.060646 0.023143 0.718317 7.65038 1.13185 15.0934 -1
1 0 0.9383 0.128582 0.017256 0.83913 5.34883 3.31822 15.3847 -1
1 1 0.9383 0.285328 0.02074 1.10166 6.25331 1.56027 12.647 4
1 1 0.9383 0.116291 0.003109 1.21096 5.16786 2.7084 15.0674 -2
1 0 0.9383 0.067954 -0.006886 0.82242 6.19777 -0.56088 14.1221 -1
1 1 0.9383 0.067985 -0.080398 0.840191 6.6096 1.9454 13.4998 -1
1 1 0.9383 0.049287 -0.057813 0.7564 5.08289 3.621 14.3921 -1
1 0 0.9383 -0.05992 0.099182 0.8982 6.99464 -2.00666 16.2175 -1
1 0 0.9383 0.009068 0.064643 1.13021 5.07784 -1.18057 16.1174 -1
1 1 0.9383 -0.05309 0.016311 1.14616 7.40472 -0.063268 15.3044 -1
1 0 0.9383 -0.033811 -0.10757 0.855564 4.20486 2.69326 14.9356 -1
1 0 0.9383 0.311234 0.102525 0.826516 6.44864 -0.171308 12.9248 -4
1 0 0.9383 0.016711 -0.111092 1.00103 5.5728 3.07794 14.6338 -1
1 0 0.9383 -0.026458 -0.108551 0.995376 7.26696 -0.0908 14.7448 -1
1 1 0.9383 -0.058243 0.049426 0.869161 5.47896 1.40251 13.3607 -1
1 1 0.9383 0.215342 0.059612 0.853042 6.71032 -0.050544 13.5066 -1
1 0 0.9383 -0.004314 -0.040811 1.21589 7.0903 1.90045 13.464 -2
1 0 0.9383 0.120509 0.155067 0.628016 6.87939 0.289565 12.2817 -1
1 0 0.9383 -0.097384 -0.033768 0.995904 4.06796 1.26042 15.5026 -1
1 0 0.9383 0.012256 0.140299 1.09148 6.41648 2.13386 12.3112 -3
1 1 0.9383 0.107198 0.048286 1.00296 4.63844 4.13396 15.9104 -1
1 1 0.9383 -0.014902 -0.04807 0.725938 5.4121 3.05811 14.7861 -1
1 0 0.9383 -0.140233 -0.065487 1.00462 4.73742 -1.45306 15.1581 -1
1 0 0.9383 -0.05234 0.113547 0.990018 4.87608 2.43161 13.5452 -1
1 1 0.9383 0.027915 -0.07148 0.78814 8.19066 2.66679 12.5122 5
1 0 0.9383 0.243505 0.024372 1.05653 6.62961 0.285249 15.7553 4
1 1 0.9383 -0.042812 0.108596 0.754489 7.31961 2.51739 13.763 -1
1 0 0.9383 0.027588 0.197082 0.979803 4.91676 0.775371 14.7409 -1
1 1 0.9383 0.067623 -0.065069 1.19287 6.30364 1.90303 15.2374 -1
1 1 0.9383 0.207647 0.044342 1.07021 7.95107 2.71341 12.0063 -1
1 0 0.9383 0.126647 -0.100977 0.812975 6.91299 1.30152 14.027 -1
1 0 0.9383 0.042232 -0.049526 1.18768 8.26311 1.39825 14.8452 -1
1 0 0.9383 0.039545 0.119367 1.03622 6.70062 -1.00331 14.544 -1
1 0 0.9383 0.024917 0.100398 0.858416 6.21687 -0.12944 15.1139 -1
1 0 0.9383 -0.064005 -0.116655 0.915566 4.20811 0.87149 14.8005 -1
1 0 0.9383 -0.007742 0.060427 0.665671 7.34026 2.68625 13.9039 -1
